-------------------------------------------------------------------------------
 PARAMETERS:
    NO.   NAME      
     0 gamma_act    
     1 d_gamma      
     2 lambda      
     3 phi         
     4 ap_zero_2   
     5 ap_perp_2   
     6 f_s_mKK0    
     7 delta_par  
     8 delta_perp 
     9 delta_s_perp_mKK0 
    10 delta_m      
    11 p0          
    12 p1          
    13 p0_ss       
    14 p1_ss       
    15 deltap0    
    16 deltap1    
    17 deltap0_ss 
    18 deltap1_ss 
    19 f_s_mKK1   
    20 delta_s_perp_mKK1 
    21 f_s_mKK2    
    22 delta_s_perp_mKK2 
    23 f_s_mKK3    
    24 delta_s_perp_mKK3 
    25 f_s_mKK4    
    26 delta_s_perp_mKK4 
    27 f_s_mKK5    
    28 delta_s_perp_mKK5 


bpt1
----------------------------------------------------
var0 var1 var2 var3 var4 var5 var6 var7 var8 var9 var10 var11 var12 var13 var14 var15 var16 var17 var18 var19 var20 var21 var22 var23 var24 var25 var26 var27 var28 
var0  1.93e-05 -2.86e-05 -8.47e-07 -2.06e-05 -7.50e-06  1.30e-05  2.49e-05  2.17e-05 -1.95e-06 -1.52e-05 -5.78e-06  1.17e-07  1.35e-07  3.11e-08 -1.75e-07  1.30e-10 -1.76e-09  1.08e-10  6.40e-09  5.87e-06 -1.07e-05  5.33e-06 -2.64e-05  1.05e-06  5.01e-05  5.78e-06  1.81e-05  8.45e-06  1.60e-05
var1 -2.86e-05  2.28e-04 -1.28e-05  5.85e-06  5.64e-05 -8.39e-05 -1.43e-04  2.78e-06  1.22e-04 -2.28e-05  2.29e-05  1.24e-07 -5.68e-07  5.37e-08  2.31e-06  1.64e-10  1.26e-08 -3.33e-10 -8.76e-09 -2.18e-06 -1.62e-04 -8.01e-06  2.90e-05  5.11e-06  5.12e-04 -2.23e-06  8.07e-05 -4.10e-05  8.46e-05
var2 -8.47e-07 -1.28e-05  9.24e-04  4.58e-04 -5.04e-06 -1.56e-06 -9.77e-05 -9.81e-04  1.00e-03  9.35e-04  3.12e-04 -2.12e-06 -5.15e-07 -2.18e-06  9.29e-06  1.69e-08 -1.78e-07 -2.14e-08 -3.69e-07 -9.24e-06  6.21e-05  1.56e-05 -1.22e-04 -1.73e-05 -1.48e-03 -2.19e-04 -1.86e-03 -2.45e-05 -2.11e-03
var3 -2.06e-05  5.85e-06  4.58e-04  1.02e-02  1.18e-05 -3.84e-05 -2.62e-04 -1.24e-03 -4.86e-03  1.78e-03 -8.27e-04 -2.42e-05 -6.89e-05  2.37e-05  1.83e-04 -2.09e-09 -2.01e-07  4.82e-08 -1.50e-06 -1.11e-04  4.43e-04  7.67e-06 -3.58e-05 -3.21e-05 -2.60e-03 -1.60e-04 -1.11e-03 -2.03e-05 -1.63e-03
var4 -7.50e-06  5.64e-05 -5.04e-06  1.18e-05  3.25e-05 -2.81e-05 -3.48e-05  1.37e-05  2.38e-06 -1.65e-05 -6.66e-06  7.93e-08 -2.94e-07  1.19e-07  1.46e-06 -3.32e-10  6.82e-09  1.26e-10 -8.32e-10  3.03e-06 -6.18e-05  1.63e-06 -9.06e-06  2.61e-06  2.30e-04  5.63e-06  5.11e-05 -7.79e-06  4.56e-05
var5  1.30e-05 -8.39e-05 -1.56e-06 -3.84e-05 -2.81e-05  6.21e-05  6.34e-05  1.37e-04 -1.54e-07 -1.02e-04 -1.95e-05  1.17e-07  6.74e-07  3.75e-08  5.92e-07 -7.81e-10  1.52e-09  1.09e-09 -3.97e-09 -6.75e-06  2.48e-05 -1.37e-06 -1.22e-05 -3.55e-06 -2.40e-04 -3.91e-06  1.04e-05  8.07e-06  5.84e-05
var6  2.49e-05 -1.43e-04 -9.77e-05 -2.62e-04 -3.48e-05  6.34e-05  8.74e-03  2.47e-04 -5.19e-04 -6.83e-03 -2.64e-04  2.15e-06  1.00e-05 -2.52e-06 -4.90e-05 -6.36e-09  1.07e-07  7.39e-09  6.37e-08  4.86e-06  4.26e-05  3.25e-06 -1.35e-05 -1.99e-07 -8.13e-05  3.43e-05  2.19e-04  3.09e-05  4.00e-04
var7  2.17e-05  2.78e-06 -9.81e-04 -1.24e-03  1.37e-05  1.37e-04  2.47e-04  2.43e-02  9.13e-03 -2.79e-03 -1.52e-03  1.57e-05  3.62e-05  1.44e-05  2.17e-04  1.20e-08 -1.13e-07  9.19e-08 -7.61e-07  2.45e-04 -1.33e-03  7.81e-05 -1.37e-03  9.25e-05  5.97e-03  4.25e-04  3.04e-03  1.88e-04  9.34e-03
var8 -1.95e-06  1.22e-04  1.00e-03 -4.86e-03  2.38e-06 -1.54e-07 -5.19e-04  9.13e-03  1.11e-01 -6.36e-03  3.64e-02  7.44e-05  2.92e-04 -6.50e-05  7.82e-05  3.98e-07  8.28e-07 -1.89e-07 -8.22e-06  6.46e-04 -9.85e-04  2.57e-04 -2.79e-03  1.05e-04  8.43e-03 -1.32e-03 -9.28e-03 -2.12e-04 -1.88e-02
var9 -1.52e-05 -2.28e-05  9.35e-04  1.78e-03 -1.65e-05 -1.02e-04 -6.83e-03 -2.79e-03 -6.36e-03  1.91e-01  2.05e-04 -3.20e-05 -5.42e-05  6.02e-05  4.12e-04  2.59e-07 -3.23e-06  1.85e-07 -9.83e-07 -1.04e-04  9.73e-04  1.89e-05  1.92e-04 -4.99e-05 -3.72e-03 -1.58e-04 -1.45e-03 -3.46e-05 -3.56e-03
var10 -5.78e-06  2.29e-05  3.12e-04 -8.27e-04 -6.66e-06 -1.95e-05 -2.64e-04 -1.52e-03  3.64e-02  2.05e-04  2.17e-02  1.86e-05  9.43e-05 -4.64e-05 -4.02e-04  1.11e-07  9.23e-07  1.24e-07 -2.87e-06 -7.22e-05  2.43e-03  1.44e-04 -3.73e-04 -1.18e-04 -6.49e-03 -5.00e-04 -2.61e-03 -2.80e-04 -1.60e-02
var11  1.17e-07  1.24e-07 -2.12e-06 -2.42e-05  7.93e-08  1.17e-07  2.15e-06  1.57e-05  7.44e-05 -3.20e-05  1.86e-05  1.90e-05  2.05e-07 -6.16e-08 -2.95e-07 -3.37e-10  1.23e-08 -1.33e-09 -1.08e-09  2.14e-06 -1.44e-05  2.06e-06 -9.73e-06  5.93e-08 -8.25e-06  1.80e-06  1.05e-05  1.98e-06  2.47e-05
var12  1.35e-07 -5.68e-07 -5.15e-07 -6.89e-05 -2.94e-07  6.74e-07  1.00e-05  3.62e-05  2.92e-04 -5.42e-05  9.43e-05  2.05e-07  1.21e-03 -3.39e-07 -2.59e-06  6.95e-09 -4.90e-08 -5.66e-09 -3.80e-08 -7.85e-06  1.41e-04  3.42e-07 -5.97e-07 -1.55e-06 -4.22e-05 -2.44e-06 -1.71e-05  9.14e-07  2.73e-04
var13  3.11e-08  5.37e-08 -2.18e-06  2.37e-05  1.19e-07  3.75e-08 -2.52e-06  1.44e-05 -6.50e-05  6.02e-05 -4.64e-05 -6.16e-08 -3.39e-07  2.42e-05 -2.61e-06 -8.49e-10 -1.35e-08  3.98e-10  2.99e-10  7.32e-07 -1.34e-06 -5.49e-07 -1.12e-06  2.71e-06  1.99e-04  2.37e-06  1.63e-05  3.02e-06  4.97e-05
var14 -1.75e-07  2.31e-06  9.29e-06  1.83e-04  1.46e-06  5.92e-07 -4.90e-05  2.17e-04  7.82e-05  4.12e-04 -4.02e-04 -2.95e-07 -2.59e-06 -2.61e-06  7.93e-03  3.45e-09 -6.36e-08 -6.38e-09  3.85e-07 -1.63e-05  7.76e-05 -8.29e-06 -1.16e-04  2.37e-05  2.02e-03  5.57e-06  1.33e-04  2.67e-05  7.16e-04
var15  1.30e-10  1.64e-10  1.69e-08 -2.09e-09 -3.32e-10 -7.81e-10 -6.36e-09  1.20e-08  3.98e-07  2.59e-07  1.11e-07 -3.37e-10  6.95e-09 -8.49e-10  3.45e-09  1.44e-06  2.72e-10 -5.69e-12  2.42e-11  3.70e-09 -4.76e-08 -1.39e-09  5.66e-08  9.87e-09  6.98e-07 -7.10e-09 -6.42e-08  6.45e-09 -5.20e-08
var16 -1.76e-09  1.26e-08 -1.78e-07 -2.01e-07  6.82e-09  1.52e-09  1.07e-07 -1.13e-07  8.28e-07 -3.23e-06  9.23e-07  1.23e-08 -4.90e-08 -1.35e-08 -6.36e-08  2.72e-10  1.44e-04 -1.10e-11 -1.43e-09  1.20e-07 -1.94e-06  1.67e-08 -8.25e-07 -1.25e-07 -8.42e-06  1.51e-07  1.62e-06 -1.18e-07  1.63e-06
var17  1.08e-10 -3.33e-10 -2.14e-08  4.82e-08  1.26e-10  1.09e-09  7.39e-09  9.19e-08 -1.89e-07  1.85e-07  1.24e-07 -1.33e-09 -5.66e-09  3.98e-10 -6.38e-09 -5.69e-12 -1.10e-11  1.96e-06  7.12e-10 -2.15e-09 -7.59e-08 -4.98e-11 -4.54e-08 -3.36e-09 -1.10e-07  1.46e-08  5.92e-08  9.11e-10 -1.22e-07
var18  6.40e-09 -8.76e-09 -3.69e-07 -1.50e-06 -8.32e-10 -3.97e-09  6.37e-08 -7.61e-07 -8.22e-06 -9.83e-07 -2.87e-06 -1.08e-09 -3.80e-08  2.99e-10  3.85e-07  2.42e-11 -1.43e-09  7.12e-10  4.84e-04  1.46e-07 -2.40e-06  6.67e-08 -7.56e-08 -5.13e-09 -2.77e-06  2.98e-07  3.34e-06 -1.60e-07 -1.10e-05
var19  5.87e-06 -2.18e-06 -9.24e-06 -1.11e-04  3.03e-06 -6.75e-06  4.86e-06  2.45e-04  6.46e-04 -1.04e-04 -7.22e-05  2.14e-06 -7.85e-06  7.32e-07 -1.63e-05  3.70e-09  1.20e-07 -2.15e-09  1.46e-07  1.01e-03 -4.56e-03  3.35e-06 -4.37e-05  6.64e-06  4.09e-04  3.66e-06 -2.51e-05  1.00e-05  2.16e-04
var20 -1.07e-05 -1.62e-04  6.21e-05  4.43e-04 -6.18e-05  2.48e-05  4.26e-05 -1.33e-03 -9.85e-04  9.73e-04  2.43e-03 -1.44e-05  1.41e-04 -1.34e-06  7.76e-05 -4.76e-08 -1.94e-06 -7.59e-08 -2.40e-06 -4.56e-03  6.55e-02  1.25e-05  2.01e-04 -4.99e-05 -3.30e-03 -3.09e-05 -9.00e-05 -3.03e-05 -2.86e-03
var21  5.33e-06 -8.01e-06  1.56e-05  7.67e-06  1.63e-06 -1.37e-06  3.25e-06  7.81e-05  2.57e-04  1.89e-05  1.44e-04  2.06e-06  3.42e-07 -5.49e-07 -8.29e-06 -1.39e-09  1.67e-08 -4.98e-11  6.67e-08  3.35e-06  1.25e-05  1.83e-04 -8.66e-04 -2.59e-07 -2.91e-05 -1.70e-06 -2.97e-05  2.25e-06 -1.13e-04
var22 -2.64e-05  2.90e-05 -1.22e-04 -3.58e-05 -9.06e-06 -1.22e-05 -1.35e-05 -1.37e-03 -2.79e-03  1.92e-04 -3.73e-04 -9.73e-06 -5.97e-07 -1.12e-06 -1.16e-04  5.66e-08 -8.25e-07 -4.54e-08 -7.56e-08 -4.37e-05  2.01e-04 -8.66e-04  2.43e-02 -1.17e-05 -7.00e-04  2.61e-05  3.05e-04 -2.14e-05 -8.92e-05
var23  1.05e-06  5.11e-06 -1.73e-05 -3.21e-05  2.61e-06 -3.55e-06 -1.99e-07  9.25e-05  1.05e-04 -4.99e-05 -1.18e-04  5.93e-08 -1.55e-06  2.71e-06  2.37e-05  9.87e-09 -1.25e-07 -3.36e-09 -5.13e-09  6.64e-06 -4.99e-05 -2.59e-07 -1.17e-05  8.34e-05  5.38e-03  5.28e-06  2.48e-05  3.95e-06  1.76e-04
var24  5.01e-05  5.12e-04 -1.48e-03 -2.60e-03  2.30e-04 -2.40e-04 -8.13e-05  5.97e-03  8.43e-03 -3.72e-03 -6.49e-03 -8.25e-06 -4.22e-05  1.99e-04  2.02e-03  6.98e-07 -8.42e-06 -1.10e-07 -2.77e-06  4.09e-04 -3.30e-03 -2.91e-05 -7.00e-04  5.38e-03  4.94e-01  3.91e-04  2.36e-03  2.04e-04  1.15e-02
var25  5.78e-06 -2.23e-06 -2.19e-04 -1.60e-04  5.63e-06 -3.91e-06  3.43e-05  4.25e-04 -1.32e-03 -1.58e-04 -5.00e-04  1.80e-06 -2.44e-06  2.37e-06  5.57e-06 -7.10e-09  1.51e-07  1.46e-08  2.98e-07  3.66e-06 -3.09e-05 -1.70e-06  2.61e-05  5.28e-06  3.91e-04  8.08e-04  3.46e-03  1.45e-05  7.94e-04
var26  1.81e-05  8.07e-05 -1.86e-03 -1.11e-03  5.11e-05  1.04e-05  2.19e-04  3.04e-03 -9.28e-03 -1.45e-03 -2.61e-03  1.05e-05 -1.71e-05  1.63e-05  1.33e-04 -6.42e-08  1.62e-06  5.92e-08  3.34e-06 -2.51e-05 -9.00e-05 -2.97e-05  3.05e-04  2.48e-05  2.36e-03  3.46e-03  4.44e-02  5.06e-05  5.47e-03
var27  8.45e-06 -4.10e-05 -2.45e-05 -2.03e-05 -7.79e-06  8.07e-06  3.09e-05  1.88e-04 -2.12e-04 -3.46e-05 -2.80e-04  1.98e-06  9.14e-07  3.02e-06  2.67e-05  6.45e-09 -1.18e-07  9.11e-10 -1.60e-07  1.00e-05 -3.03e-05  2.25e-06 -2.14e-05  3.95e-06  2.04e-04  1.45e-05  5.06e-05  1.49e-03  4.03e-03
var28  1.60e-05  8.46e-05 -2.11e-03 -1.63e-03  4.56e-05  5.84e-05  4.00e-04  9.34e-03 -1.88e-02 -3.56e-03 -1.60e-02  2.47e-05  2.73e-04  4.97e-05  7.16e-04 -5.20e-08  1.63e-06 -1.22e-07 -1.10e-05  2.16e-04 -2.86e-03 -1.13e-04 -8.92e-05  1.76e-04  1.15e-02  7.94e-04  5.47e-03  4.03e-03  2.43e-01


bpt2
-----------------------------------------------------------------------------------
var0 var1 var2 var3 var4 var5 var6 var7 var8 var9 var10 var11 var12 var13 var14 var15 var16 var17 var18 var19 var20 var21 var22 var23 var24 var25 var26 var27 var28 
var0  3.72e-05 -5.87e-05 -3.44e-06  1.35e-05 -1.51e-05  2.75e-05  4.57e-05 -8.36e-05 -4.76e-05 -1.72e-06 -3.85e-06  5.86e-08 -8.84e-08 -1.15e-09 -1.36e-06  7.70e-10 -2.52e-09  4.55e-10 -1.22e-09  1.16e-05  3.89e-05  1.52e-06 -2.21e-05  6.88e-06  6.06e-05  1.21e-05  3.09e-05  2.98e-05  3.35e-05
var1 -5.87e-05  4.37e-04  4.44e-06 -1.65e-04  1.07e-04 -1.62e-04 -2.51e-04  1.86e-04  1.17e-04 -4.13e-05 -5.72e-06  9.63e-08 -3.62e-07 -3.01e-10  2.33e-06 -4.27e-09  1.92e-08 -3.95e-11 -5.65e-09 -1.69e-05  2.26e-04 -4.06e-06 -4.21e-05 -3.77e-06 -2.00e-04 -1.79e-05 -5.58e-05 -1.09e-04  2.71e-06
var2 -3.44e-06  4.44e-06  1.54e-03 -1.06e-03 -7.96e-06  9.13e-06  5.28e-05 -5.74e-05  5.18e-03  5.34e-04  1.38e-03 -3.05e-06 -2.66e-05  2.44e-06  6.35e-05  1.29e-08 -6.88e-07 -1.02e-08 -2.63e-07  2.24e-04  2.38e-03 -4.34e-06  1.47e-03 -1.85e-04 -1.24e-03 -2.26e-04 -5.00e-04 -2.51e-04 -1.04e-03
var3  1.35e-05 -1.65e-04 -1.06e-03  1.49e-02 -1.99e-05  2.54e-05 -1.42e-04  7.42e-04 -8.90e-03 -5.35e-04 -4.19e-03 -2.08e-06  1.53e-04  3.43e-05 -9.12e-05  1.70e-07  6.31e-07  7.72e-08 -4.14e-06 -2.24e-04 -4.61e-03  1.51e-05 -1.86e-03  1.59e-04  2.39e-03  3.23e-04  1.38e-03  5.19e-04  2.94e-03
var4 -1.51e-05  1.07e-04 -7.96e-06 -1.99e-05  6.19e-05 -5.23e-05 -5.94e-05  8.72e-06 -2.87e-05 -5.18e-06 -2.24e-05  9.95e-08  2.17e-07  5.66e-08 -8.60e-07 -7.30e-10  6.49e-09  6.87e-10 -6.92e-09  1.81e-06  8.44e-05 -6.41e-07 -6.33e-05  9.36e-06  1.58e-05  9.44e-06  2.94e-05 -2.48e-05  1.10e-05
var5  2.75e-05 -1.62e-04  9.13e-06  2.54e-05 -5.23e-05  1.27e-04  1.07e-04 -5.93e-04 -2.81e-04 -3.62e-05  7.79e-07  5.75e-08 -1.24e-06 -2.68e-07 -9.60e-06  5.36e-09 -3.49e-08  1.50e-09  2.26e-08  1.24e-05  9.67e-05 -2.66e-06  2.06e-04 -3.64e-06  9.93e-05 -9.28e-06  5.04e-06  6.01e-05  1.09e-04
var6  4.57e-05 -2.51e-04  5.28e-05 -1.42e-04 -5.94e-05  1.07e-04  1.13e-02 -3.77e-04  9.69e-04 -5.15e-04  1.95e-04 -8.60e-07  4.63e-07 -1.35e-06 -1.11e-05  6.79e-09 -1.85e-07 -4.80e-09  3.66e-07  2.83e-05  5.61e-05  4.03e-06 -2.95e-04 -3.80e-06 -2.29e-05  1.89e-05  5.98e-05  6.38e-05 -1.73e-05
var7 -8.36e-05  1.86e-04 -5.74e-05  7.42e-04  8.72e-06 -5.93e-04 -3.77e-04  2.89e-02  1.47e-02 -6.85e-04  6.38e-04 -5.43e-06  5.40e-05  7.00e-06  4.72e-04 -2.53e-07  1.55e-06 -9.86e-08 -3.41e-07 -3.75e-04 -3.98e-03  2.20e-05 -7.19e-03 -2.83e-04 -2.68e-03 -1.36e-04  1.02e-04 -8.67e-04 -2.98e-03
var8 -4.76e-05  1.17e-04  5.18e-03 -8.90e-03 -2.87e-05 -2.81e-04  9.69e-04  1.47e-02  1.11e-01 -2.60e-03  2.71e-02 -1.27e-05 -3.31e-04  4.85e-06  7.08e-04 -2.98e-07 -3.17e-06  3.49e-08 -3.73e-06  7.99e-04  8.72e-03  1.87e-04 -3.26e-02 -1.24e-03 -1.68e-02 -5.06e-05  1.87e-03 -1.09e-03 -5.76e-03
var9 -1.72e-06 -4.13e-05  5.34e-04 -5.35e-04 -5.18e-06 -3.62e-05 -5.15e-04 -6.85e-04 -2.60e-03  1.11e-01  1.49e-03 -5.49e-06  4.49e-05  9.65e-06  3.07e-04 -2.56e-08 -2.83e-06  3.63e-08 -1.75e-06  7.52e-05  1.27e-03 -9.98e-06  3.29e-03 -5.41e-05  8.74e-05 -2.03e-04 -4.55e-04 -4.53e-05 -4.83e-04
var10 -3.85e-06 -5.72e-06  1.38e-03 -4.19e-03 -2.24e-05  7.79e-07  1.95e-04  6.38e-04  2.71e-02  1.49e-03  1.31e-02 -4.20e-06 -1.48e-04 -2.00e-05  1.82e-04 -1.38e-07 -1.57e-06 -1.07e-07  4.91e-07  2.42e-04  4.65e-03  3.38e-05 -4.51e-03 -3.75e-04 -4.40e-03 -3.31e-04  8.53e-06 -1.13e-04 -1.70e-03
var11  5.86e-08  9.63e-08 -3.05e-06 -2.08e-06  9.95e-08  5.75e-08 -8.60e-07 -5.43e-06 -1.27e-05 -5.49e-06 -4.20e-06  1.91e-05 -3.50e-08 -3.62e-09 -2.49e-07 -6.29e-10  6.47e-09  6.05e-11  9.90e-10  2.93e-06  2.26e-05  1.16e-07 -3.15e-07  3.16e-07 -8.96e-07  2.90e-06 -4.36e-06  3.29e-06 -2.84e-06
var12 -8.84e-08 -3.62e-07 -2.66e-05  1.53e-04  2.17e-07 -1.24e-06  4.63e-07  5.40e-05 -3.31e-04  4.49e-05 -1.48e-04 -3.50e-08  1.22e-03  3.78e-07  2.79e-08  5.97e-09 -1.57e-07 -1.59e-09 -2.56e-08  6.80e-06 -1.36e-05 -4.50e-08 -6.26e-05  8.17e-06  5.85e-05 -2.05e-06  2.78e-05 -2.23e-05 -5.36e-05
var13 -1.15e-09 -3.01e-10  2.44e-06  3.43e-05  5.66e-08 -2.68e-07 -1.35e-06  7.00e-06  4.85e-06  9.65e-06 -2.00e-05 -3.62e-09  3.78e-07  2.43e-05 -5.66e-07  6.88e-10 -3.91e-09  6.00e-10 -2.79e-08  2.15e-06 -2.14e-05  6.26e-09  4.04e-05  3.57e-08 -1.49e-06  3.58e-06  1.17e-05  1.47e-06  1.76e-05
var14 -1.36e-06  2.33e-06  6.35e-05 -9.12e-05 -8.60e-07 -9.60e-06 -1.11e-05  4.72e-04  7.08e-04  3.07e-04  1.82e-04 -2.49e-07  2.79e-08 -5.66e-07  7.87e-03 -4.07e-09 -6.19e-09 -1.77e-08  1.98e-07  2.05e-05  3.85e-04  8.42e-06 -3.60e-04 -2.61e-05 -2.75e-04 -3.12e-05  3.15e-04  2.01e-05 -1.51e-04
var15  7.70e-10 -4.27e-09  1.29e-08  1.70e-07 -7.30e-10  5.36e-09  6.79e-09 -2.53e-07 -2.98e-07 -2.56e-08 -1.38e-07 -6.29e-10  5.97e-09  6.88e-10 -4.07e-09  1.44e-06  2.92e-10 -9.92e-12  2.48e-11  1.61e-08 -2.50e-08 -1.41e-09  5.08e-07 -8.83e-09 -8.48e-08  1.15e-08  4.58e-09 -6.29e-09 -1.79e-08
var16 -2.52e-09  1.92e-08 -6.88e-07  6.31e-07  6.49e-09 -3.49e-08 -1.85e-07  1.55e-06 -3.17e-06 -2.83e-06 -1.57e-06  6.47e-09 -1.57e-07 -3.91e-09 -6.19e-09  2.92e-10  1.44e-04  7.56e-11  1.01e-09 -5.50e-07 -4.86e-06 -4.35e-10 -5.58e-06  2.42e-07  7.79e-07  9.04e-08  7.51e-07  3.22e-07  3.07e-06
var17  4.55e-10 -3.95e-11 -1.02e-08  7.72e-08  6.87e-10  1.50e-09 -4.80e-09 -9.86e-08  3.49e-08  3.63e-08 -1.07e-07  6.05e-11 -1.59e-09  6.00e-10 -1.77e-08 -9.92e-12  7.56e-11  1.96e-06  8.68e-10  7.66e-09  1.20e-07  3.55e-09 -1.69e-07  1.77e-09 -4.28e-08  1.18e-08  7.87e-08  1.71e-08  1.34e-07
var18 -1.22e-09 -5.65e-09 -2.63e-07 -4.14e-06 -6.92e-09  2.26e-08  3.66e-07 -3.41e-07 -3.73e-06 -1.75e-06  4.91e-07  9.90e-10 -2.56e-08 -2.79e-08  1.98e-07  2.48e-11  1.01e-09  8.68e-10  4.84e-04 -4.76e-07 -9.15e-06 -9.71e-08 -2.72e-06 -4.28e-09  8.75e-07 -3.41e-07 -1.55e-06  4.54e-07 -2.16e-07
var19  1.16e-05 -1.69e-05  2.24e-04 -2.24e-04  1.81e-06  1.24e-05  2.83e-05 -3.75e-04  7.99e-04  7.52e-05  2.42e-04  2.93e-06  6.80e-06  2.15e-06  2.05e-05  1.61e-08 -5.50e-07  7.66e-09 -4.76e-07  1.52e-03  9.73e-03  1.71e-07  1.97e-04 -2.08e-05 -1.55e-04 -2.25e-05 -5.07e-05 -1.86e-05 -1.17e-04
var20  3.89e-05  2.26e-04  2.38e-03 -4.61e-03  8.44e-05  9.67e-05  5.61e-05 -3.98e-03  8.72e-03  1.27e-03  4.65e-03  2.26e-05 -1.36e-05 -2.14e-05  3.85e-04 -2.50e-08 -4.86e-06  1.20e-07 -9.15e-06  9.73e-03  1.82e-01 -1.63e-05  3.32e-03 -2.76e-04 -2.09e-03 -4.26e-04 -9.14e-04 -3.15e-04 -1.55e-03
var21  1.52e-06 -4.06e-06 -4.34e-06  1.51e-05 -6.41e-07 -2.66e-06  4.03e-06  2.20e-05  1.87e-04 -9.98e-06  3.38e-05  1.16e-07 -4.50e-08  6.26e-09  8.42e-06 -1.41e-09 -4.35e-10  3.55e-09 -9.71e-08  1.71e-07 -1.63e-05  4.95e-05 -1.56e-03  1.53e-07 -1.90e-05  4.66e-06  1.37e-05  2.09e-06 -5.57e-07
var22 -2.21e-05 -4.21e-05  1.47e-03 -1.86e-03 -6.33e-05  2.06e-04 -2.95e-04 -7.19e-03 -3.26e-02  3.29e-03 -4.51e-03 -3.15e-07 -6.26e-05  4.04e-05 -3.60e-04  5.08e-07 -5.58e-06 -1.69e-07 -2.72e-06  1.97e-04  3.32e-03 -1.56e-03  3.22e-01  1.74e-05  3.58e-03 -7.09e-04 -2.37e-03 -1.35e-04 -5.13e-04
var23  6.88e-06 -3.77e-06 -1.85e-04  1.59e-04  9.36e-06 -3.64e-06 -3.80e-06 -2.83e-04 -1.24e-03 -5.41e-05 -3.75e-04  3.16e-07  8.17e-06  3.57e-08 -2.61e-05 -8.83e-09  2.42e-07  1.77e-09 -4.28e-09 -2.08e-05 -2.76e-04  1.53e-07  1.74e-05  3.17e-04  1.58e-03  3.50e-05  5.85e-05  3.84e-05  1.60e-04
var24  6.06e-05 -2.00e-04 -1.24e-03  2.39e-03  1.58e-05  9.93e-05 -2.29e-05 -2.68e-03 -1.68e-02  8.74e-05 -4.40e-03 -8.96e-07  5.85e-05 -1.49e-06 -2.75e-04 -8.48e-08  7.79e-07 -4.28e-08  8.75e-07 -1.55e-04 -2.09e-03 -1.90e-05  3.58e-03  1.58e-03  5.88e-02  1.48e-04  1.12e-04  3.26e-04  1.37e-03
var25  1.21e-05 -1.79e-05 -2.26e-04  3.23e-04  9.44e-06 -9.28e-06  1.89e-05 -1.36e-04 -5.06e-05 -2.03e-04 -3.31e-04  2.90e-06 -2.05e-06  3.58e-06 -3.12e-05  1.15e-08  9.04e-08  1.18e-08 -3.41e-07 -2.25e-05 -4.26e-04  4.66e-06 -7.09e-04  3.50e-05  1.48e-04  1.29e-03  2.96e-03  4.98e-05  2.01e-04
var26  3.09e-05 -5.58e-05 -5.00e-04  1.38e-03  2.94e-05  5.04e-06  5.98e-05  1.02e-04  1.87e-03 -4.55e-04  8.53e-06 -4.36e-06  2.78e-05  1.17e-05  3.15e-04  4.58e-09  7.51e-07  7.87e-08 -1.55e-06 -5.07e-05 -9.14e-04  1.37e-05 -2.37e-03  5.85e-05  1.12e-04  2.96e-03  6.19e-02  1.38e-04  5.40e-04
var27  2.98e-05 -1.09e-04 -2.51e-04  5.19e-04 -2.48e-05  6.01e-05  6.38e-05 -8.67e-04 -1.09e-03 -4.53e-05 -1.13e-04  3.29e-06 -2.23e-05  1.47e-06  2.01e-05 -6.29e-09  3.22e-07  1.71e-08  4.54e-07 -1.86e-05 -3.15e-04  2.09e-06 -1.35e-04  3.84e-05  3.26e-04  4.98e-05  1.38e-04  3.50e-03  6.16e-03
var28  3.35e-05  2.71e-06 -1.04e-03  2.94e-03  1.10e-05  1.09e-04 -1.73e-05 -2.98e-03 -5.76e-03 -4.83e-04 -1.70e-03 -2.84e-06 -5.36e-05  1.76e-05 -1.51e-04 -1.79e-08  3.07e-06  1.34e-07 -2.16e-07 -1.17e-04 -1.55e-03 -5.57e-07 -5.13e-04  1.60e-04  1.37e-03  2.01e-04  5.40e-04  6.16e-03  6.94e-02



bpt3
-----------------------------------------------------------------
var0 var1 var2 var3 var4 var5 var6 var7 var8 var9 var10 var11 var12 var13 var14 var15 var16 var17 var18 var19 var20 var21 var22 var23 var24 var25 var26 var27 var28 
var0  4.74e-05 -8.02e-05  2.70e-06  1.63e-04 -1.95e-05  3.75e-05  1.69e-05  8.72e-05 -1.64e-06  1.52e-05 -3.83e-05 -8.39e-08 -6.11e-07 -1.53e-07  5.47e-07 -1.40e-10 -7.73e-09 -2.95e-10  4.16e-09  3.96e-06 -1.96e-05  1.93e-05 -7.93e-05  2.87e-06 -8.87e-05  5.98e-06 -5.88e-05  1.68e-05 -1.92e-05
var1 -8.02e-05  5.54e-04  2.58e-05 -7.86e-04  1.28e-04 -2.02e-04 -6.10e-05 -1.03e-04  2.03e-04 -3.71e-05  2.27e-04  5.21e-07  2.83e-06  1.07e-06 -5.07e-06 -2.95e-09  4.04e-08 -1.56e-09 -5.18e-08  2.39e-05 -1.03e-03 -4.00e-05  2.85e-04  2.52e-06  1.70e-04 -2.93e-05  2.28e-04 -3.95e-05  3.21e-04
var2  2.70e-06  2.58e-05  1.68e-03 -5.33e-04  2.08e-05 -4.58e-06 -4.74e-04  8.27e-04 -3.72e-03 -1.74e-03 -1.12e-03 -6.61e-06 -1.31e-05  1.04e-06  3.97e-05  3.50e-08 -7.43e-07 -5.72e-08  6.01e-07  1.29e-04 -4.86e-03  3.02e-04 -1.00e-03  1.42e-05  7.69e-04 -7.79e-06 -2.80e-03  2.75e-04  2.95e-03
var3  1.63e-04 -7.86e-04 -5.33e-04  1.43e-02 -2.25e-04  3.44e-04  4.19e-04 -5.74e-04  3.56e-03  1.80e-03 -1.12e-03 -2.64e-06 -3.57e-05 -1.56e-05  1.56e-05 -6.30e-08  5.46e-07  3.17e-08 -1.93e-07 -2.17e-04  5.78e-03  8.47e-05 -1.26e-03 -4.20e-06 -1.93e-03  1.13e-05 -1.75e-04 -2.24e-04 -1.78e-03
var4 -1.95e-05  1.28e-04  2.08e-05 -2.25e-04  7.45e-05 -6.09e-05 -9.00e-06  3.46e-05  8.58e-06  9.06e-07  3.47e-05  9.91e-08  4.13e-07  3.55e-07 -8.76e-08 -1.54e-10  2.47e-10 -1.30e-09 -4.34e-09  1.43e-05 -4.47e-04  2.67e-06  2.76e-05  4.37e-06 -2.43e-05 -5.67e-06 -5.44e-06 -3.97e-06  9.77e-05
var5  3.75e-05 -2.02e-04 -4.58e-06  3.44e-04 -6.09e-05  1.61e-04 -2.68e-05  6.18e-04  1.89e-04  9.30e-06 -7.95e-05 -2.51e-07 -1.06e-06 -6.41e-07 -3.98e-06  1.29e-09 -2.55e-08  1.46e-09  1.55e-08 -2.14e-05  3.41e-05  1.45e-05 -1.63e-04 -3.37e-06 -1.52e-04  1.95e-06 -2.42e-04 -2.43e-05 -7.83e-05
var6  1.69e-05 -6.10e-05 -4.74e-04  4.19e-04 -9.00e-06 -2.68e-05  1.21e-02 -6.88e-05  2.62e-03  1.23e-02  6.25e-04  3.96e-06 -4.68e-06 -2.09e-07 -7.78e-05  3.81e-09  2.02e-07  7.26e-08 -1.26e-06  2.13e-05  1.37e-04 -7.80e-05  2.40e-04  7.51e-06 -5.86e-04  1.53e-05 -3.55e-04 -8.32e-05 -1.39e-03
var7  8.72e-05 -1.03e-04  8.27e-04 -5.74e-04  3.46e-05  6.18e-04 -6.88e-05  2.16e-02  8.47e-03 -2.45e-03  6.98e-04 -2.94e-06 -6.07e-06 -9.00e-07 -9.13e-05 -5.06e-09 -3.26e-07 -2.66e-10 -6.35e-07  5.72e-04 -1.86e-02  4.09e-04 -2.09e-03  1.43e-04 -2.64e-03  5.37e-06 -5.82e-03 -4.00e-05 -1.07e-03
var8 -1.64e-06  2.03e-04 -3.72e-03  3.56e-03  8.58e-06  1.89e-04  2.62e-03  8.47e-03  7.98e-02 -7.54e-03  2.42e-02  4.87e-05  1.50e-04 -2.39e-06 -9.37e-04 -5.03e-07  7.91e-06  5.68e-07 -1.40e-05  1.72e-03 -5.06e-02 -1.09e-03  3.46e-03  2.83e-04 -1.49e-02  1.65e-04 -3.49e-02 -2.27e-03 -2.42e-02
var9  1.52e-05 -3.71e-05 -1.74e-03  1.80e-03  9.06e-07  9.30e-06  1.23e-02 -2.45e-03 -7.54e-03  2.08e-01 -3.90e-03 -1.30e-05  1.32e-05  1.32e-05  1.91e-04  3.53e-07 -2.25e-06  3.99e-07 -3.65e-06 -5.27e-04  1.61e-02 -2.15e-04  3.63e-04 -6.66e-05  6.93e-04 -2.77e-05  7.45e-03 -8.23e-05 -7.49e-04
var10 -3.83e-05  2.27e-04 -1.12e-03 -1.12e-03  3.47e-05 -7.95e-05  6.25e-04  6.98e-04  2.42e-02 -3.90e-03  1.64e-02  2.52e-05  3.99e-05 -2.99e-05 -6.42e-04 -3.46e-07  2.70e-06  1.08e-07 -1.14e-05  7.89e-04 -2.01e-02 -4.43e-04  3.33e-03  8.99e-05 -1.59e-03  6.53e-05  2.71e-03 -5.06e-04 -3.34e-03
var11 -8.39e-08  5.21e-07 -6.61e-06 -2.64e-06  9.91e-08 -2.51e-07  3.96e-06 -2.94e-06  4.87e-05 -1.30e-05  2.52e-05  1.91e-05 -1.92e-08 -2.31e-08 -9.36e-07 -4.06e-10 -1.33e-09 -1.23e-10 -6.63e-09  2.17e-07 -2.18e-07 -1.01e-06  1.30e-05  7.53e-07 -2.28e-05 -2.81e-07  3.16e-05 -5.70e-07 -1.76e-05
var12 -6.11e-07  2.83e-06 -1.31e-05 -3.57e-05  4.13e-07 -1.06e-06 -4.68e-06 -6.07e-06  1.50e-04  1.32e-05  3.99e-05 -1.92e-08  1.22e-03  9.50e-08  8.73e-07 -4.86e-09  6.49e-08  2.23e-09 -1.43e-08  2.18e-06  2.13e-05 -5.02e-06  2.94e-05  7.82e-07 -1.00e-04  3.38e-06 -2.95e-04 -7.44e-06 -2.08e-05
var13 -1.53e-07  1.07e-06  1.04e-06 -1.56e-05  3.55e-07 -6.41e-07 -2.09e-07 -9.00e-07 -2.39e-06  1.32e-05 -2.99e-05 -2.31e-08  9.50e-08  2.44e-05  1.76e-06  2.93e-10  4.92e-10  2.08e-09  3.98e-08 -1.84e-07  1.08e-04  1.92e-06 -5.75e-06  7.28e-07 -4.01e-05  1.64e-07 -6.79e-05 -4.00e-07 -1.17e-05
var14  5.47e-07 -5.07e-06  3.97e-05  1.56e-05 -8.76e-08 -3.98e-06 -7.78e-05 -9.13e-05 -9.37e-04  1.91e-04 -6.42e-04 -9.36e-07  8.73e-07  1.76e-06  7.92e-03  2.39e-08 -1.21e-07  1.54e-08  6.93e-07 -1.45e-04  3.67e-03  1.87e-05 -4.05e-04  4.85e-05 -9.11e-04  3.54e-06  6.05e-04 -3.53e-05 -3.42e-05
var15 -1.40e-10 -2.95e-09  3.50e-08 -6.30e-08 -1.54e-10  1.29e-09  3.81e-09 -5.06e-09 -5.03e-07  3.53e-07 -3.46e-07 -4.06e-10 -4.86e-09  2.93e-10  2.39e-08  1.44e-06  1.20e-10 -1.33e-11  2.86e-10 -1.85e-08  2.93e-07  4.84e-09  9.13e-09 -5.01e-09 -1.29e-07 -1.90e-09  2.79e-08  3.73e-09 -7.04e-08
var16 -7.73e-09  4.04e-08 -7.43e-07  5.46e-07  2.47e-10 -2.55e-08  2.02e-07 -3.26e-07  7.91e-06 -2.25e-06  2.70e-06 -1.33e-09  6.49e-08  4.92e-10 -1.21e-07  1.20e-10  1.44e-04  1.82e-10 -9.40e-10  1.45e-07  2.53e-06 -1.90e-07  5.34e-07 -1.62e-08  4.52e-06  1.63e-09 -1.36e-05 -1.37e-07 -2.13e-06
var17 -2.95e-10 -1.56e-09 -5.72e-08  3.17e-08 -1.30e-09  1.46e-09  7.26e-08 -2.66e-10  5.68e-07  3.99e-07  1.08e-07 -1.23e-10  2.23e-09  2.08e-09  1.54e-08 -1.33e-11  1.82e-10  1.96e-06  3.78e-11 -1.20e-08  6.59e-07 -1.66e-08  1.15e-07 -5.97e-09  8.01e-08  5.45e-09 -1.49e-08 -4.55e-09 -1.77e-07
var18  4.16e-09 -5.18e-08  6.01e-07 -1.93e-07 -4.34e-09  1.55e-08 -1.26e-06 -6.35e-07 -1.40e-05 -3.65e-06 -1.14e-05 -6.63e-09 -1.43e-08  3.98e-08  6.93e-07  2.86e-10 -9.40e-10  3.78e-11  4.84e-04 -5.78e-08  6.38e-06  1.02e-07  1.51e-06 -1.38e-07  4.14e-06 -1.64e-07 -4.19e-06  4.97e-08  2.54e-07
var19  3.96e-06  2.39e-05  1.29e-04 -2.17e-04  1.43e-05 -2.14e-05  2.13e-05  5.72e-04  1.72e-03 -5.27e-04  7.89e-04  2.17e-07  2.18e-06 -1.84e-07 -1.45e-04 -1.85e-08  1.45e-07 -1.20e-08 -5.78e-08  1.16e-03 -1.78e-02  1.61e-05  1.96e-05  1.36e-05 -2.25e-04  7.19e-06 -9.69e-04 -2.55e-06 -1.76e-04
var20 -1.96e-05 -1.03e-03 -4.86e-03  5.78e-03 -4.47e-04  3.41e-05  1.37e-04 -1.86e-02 -5.06e-02  1.61e-02 -2.01e-02 -2.18e-07  2.13e-05  1.08e-04  3.67e-03  2.93e-07  2.53e-06  6.59e-07  6.38e-06 -1.78e-02  7.52e-01 -5.56e-04  7.17e-04 -3.57e-04  7.39e-03 -9.37e-05  3.59e-02  4.24e-04  4.08e-03
var21  1.93e-05 -4.00e-05  3.02e-04  8.47e-05  2.67e-06  1.45e-05 -7.80e-05  4.09e-04 -1.09e-03 -2.15e-04 -4.43e-04 -1.01e-06 -5.02e-06  1.92e-06  1.87e-05  4.84e-09 -1.90e-07 -1.66e-08  1.02e-07  1.61e-05 -5.56e-04  4.53e-04 -1.04e-03  4.22e-06  1.24e-04  1.01e-06 -3.43e-04  6.84e-05  5.85e-04
var22 -7.93e-05  2.85e-04 -1.00e-03 -1.26e-03  2.76e-05 -1.63e-04  2.40e-04 -2.09e-03  3.46e-03  3.63e-04  3.33e-03  1.30e-05  2.94e-05 -5.75e-06 -4.05e-04  9.13e-09  5.34e-07  1.15e-07  1.51e-06  1.96e-05  7.17e-04 -1.04e-03  2.81e-02 -1.24e-05  2.95e-04 -8.14e-07  3.89e-03 -1.69e-04 -1.09e-03
var23  2.87e-06  2.52e-06  1.42e-05 -4.20e-06  4.37e-06 -3.37e-06  7.51e-06  1.43e-04  2.83e-04 -6.66e-05  8.99e-05  7.53e-07  7.82e-07  7.28e-07  4.85e-05 -5.01e-09 -1.62e-08 -5.97e-09 -1.38e-07  1.36e-05 -3.57e-04  4.22e-06 -1.24e-05  1.34e-04 -2.13e-03  1.44e-06 -1.74e-04 -8.90e-07 -5.34e-05
var24 -8.87e-05  1.70e-04  7.69e-04 -1.93e-03 -2.43e-05 -1.52e-04 -5.86e-04 -2.64e-03 -1.49e-02  6.93e-04 -1.59e-03 -2.28e-05 -1.00e-04 -4.01e-05 -9.11e-04 -1.29e-07  4.52e-06  8.01e-08  4.14e-06 -2.25e-04  7.39e-03  1.24e-04  2.95e-04 -2.13e-03  1.70e-01 -3.63e-05  1.05e-02  4.75e-04  5.89e-03
var25  5.98e-06 -2.93e-05 -7.79e-06  1.13e-05 -5.67e-06  1.95e-06  1.53e-05  5.37e-06  1.65e-04 -2.77e-05  6.53e-05 -2.81e-07  3.38e-06  1.64e-07  3.54e-06 -1.90e-09  1.63e-09  5.45e-09 -1.64e-07  7.19e-06 -9.37e-05  1.01e-06 -8.14e-07  1.44e-06 -3.63e-05  2.73e-04  2.00e-04  3.13e-06 -7.32e-05
var26 -5.88e-05  2.28e-04 -2.80e-03 -1.75e-04 -5.44e-06 -2.42e-04 -3.55e-04 -5.82e-03 -3.49e-02  7.45e-03  2.71e-03  3.16e-05 -2.95e-04 -6.79e-05  6.05e-04  2.79e-08 -1.36e-05 -1.49e-08 -4.19e-06 -9.69e-04  3.59e-02 -3.43e-04  3.89e-03 -1.74e-04  1.05e-02  2.00e-04  5.47e-01  7.46e-04  1.17e-02
var27  1.68e-05 -3.95e-05  2.75e-04 -2.24e-04 -3.97e-06 -2.43e-05 -8.32e-05 -4.00e-05 -2.27e-03 -8.23e-05 -5.06e-04 -5.70e-07 -7.44e-06 -4.00e-07 -3.53e-05  3.73e-09 -1.37e-07 -4.55e-09  4.97e-08 -2.55e-06  4.24e-04  6.84e-05 -1.69e-04 -8.90e-07  4.75e-04  3.13e-06  7.46e-04  3.37e-03  4.71e-03
var28 -1.92e-05  3.21e-04  2.95e-03 -1.78e-03  9.77e-05 -7.83e-05 -1.39e-03 -1.07e-03 -2.42e-02 -7.49e-04 -3.34e-03 -1.76e-05 -2.08e-05 -1.17e-05 -3.42e-05 -7.04e-08 -2.13e-06 -1.77e-07  2.54e-07 -1.76e-04  4.08e-03  5.85e-04 -1.09e-03 -5.34e-05  5.89e-03 -7.32e-05  1.17e-02  4.71e-03  8.93e-02



bpt4
---------------------------------------------------------------------
var0 var1 var2 var3 var4 var5 var6 var7 var8 var9 var10 var11 var12 var13 var14 var15 var16 var17 var18 var19 var20 var21 var22 var23 var24 var25 var26 var27 var28 
var0  2.44e-05 -3.29e-05 -3.82e-06  5.02e-07 -8.92e-06  1.68e-05  2.63e-05 -6.73e-05 -1.70e-05 -2.48e-06  6.71e-06  5.05e-08 -3.46e-07  3.12e-08 -2.20e-06 -5.11e-10  5.52e-09  1.07e-10 -1.23e-08  3.21e-06  2.54e-05  1.80e-07  3.37e-05  1.11e-06  3.42e-05  6.61e-06  1.38e-04  1.89e-05  3.27e-05
var1 -3.29e-05  2.74e-04  2.91e-05 -1.14e-04  6.92e-05 -1.05e-04 -1.65e-04  6.12e-05 -2.45e-04  3.46e-05 -1.02e-04  1.03e-07  8.02e-07 -6.75e-08 -3.17e-06  1.47e-09 -3.31e-08 -1.16e-09  1.54e-07 -1.48e-05 -5.20e-05  9.17e-07 -5.11e-05  4.40e-06  1.10e-04 -1.13e-05 -9.28e-05 -8.19e-05  3.45e-05
var2 -3.82e-06  2.91e-05  1.75e-03 -6.61e-04  9.19e-06 -2.40e-05  5.00e-05  7.64e-04 -3.76e-03  7.77e-06 -1.68e-03 -1.84e-06 -1.81e-05 -2.56e-06  2.55e-04  1.24e-08  2.29e-07 -5.26e-08  3.83e-06 -5.24e-05 -2.80e-03 -2.38e-05 -1.45e-03 -5.47e-06 -4.02e-04  7.07e-05  2.54e-03  6.23e-04  3.56e-03
var3  5.02e-07 -1.14e-04 -6.61e-04  6.44e-03 -1.14e-05  4.09e-05  1.35e-04 -2.67e-04  4.63e-03  5.74e-04  1.89e-03 -3.50e-06  2.00e-05  1.18e-05  4.48e-04  1.41e-08  4.22e-07 -3.64e-08 -2.92e-06  1.11e-05  1.08e-03  1.34e-05  1.59e-03  9.38e-07  2.29e-04 -5.47e-05 -2.08e-03 -2.71e-04 -2.08e-03
var4 -8.92e-06  6.92e-05  9.19e-06 -1.14e-05  4.10e-05 -3.53e-05 -4.55e-05 -2.89e-05 -9.38e-05  2.05e-05 -2.62e-05  5.64e-08 -1.34e-07  3.02e-08 -3.97e-07  2.17e-10 -4.60e-09 -1.25e-09  5.21e-08 -2.68e-06  6.34e-06  6.69e-07 -1.26e-05  2.94e-06  8.28e-05  4.56e-06  1.58e-04 -1.19e-05  3.49e-05
var5  1.68e-05 -1.05e-04 -2.40e-05  4.09e-05 -3.53e-05  8.94e-05  6.22e-05 -6.06e-04 -1.97e-04 -2.24e-05  1.21e-05  9.98e-08 -1.29e-06  3.12e-07 -3.30e-06  3.56e-10  1.23e-08  7.45e-09 -1.85e-07  1.12e-06  9.42e-05 -3.03e-07  9.02e-05 -8.98e-07  3.42e-05  1.65e-05  4.16e-04  4.05e-05  1.67e-04
var6  2.63e-05 -1.65e-04  5.00e-05  1.35e-04 -4.55e-05  6.22e-05  8.08e-03  4.34e-05 -6.74e-05  3.10e-05 -2.21e-05 -1.45e-06  2.09e-06 -3.76e-07  2.64e-05  2.23e-08 -3.90e-07  1.24e-08 -1.15e-06  7.38e-06 -3.48e-05 -1.53e-06 -3.83e-06 -2.19e-06 -5.61e-05  1.06e-05  1.81e-04  7.59e-05  1.10e-04
var7 -6.73e-05  6.12e-05  7.64e-04 -2.67e-04 -2.89e-05 -6.06e-04  4.34e-05  3.20e-02  1.56e-02 -2.46e-03  1.09e-03 -8.18e-06  1.44e-05 -1.50e-05  1.47e-04 -5.22e-09 -7.37e-08 -2.98e-07  4.29e-06 -3.23e-05 -3.45e-03 -3.17e-07 -3.47e-03 -1.49e-04 -6.06e-03 -8.05e-04 -2.13e-02 -9.04e-04 -5.79e-03
var8 -1.70e-05 -2.45e-04 -3.76e-03  4.63e-03 -9.38e-05 -1.97e-04 -6.74e-05  1.56e-02  4.54e-02 -1.75e-03  1.34e-02 -3.44e-06  1.91e-05 -7.43e-06 -9.17e-04 -6.07e-08 -1.38e-06 -6.63e-09 -1.22e-05  9.20e-05 -3.74e-03  8.62e-05  1.46e-03 -2.00e-04 -7.55e-03 -1.08e-03 -3.28e-02 -2.53e-03 -1.46e-02
var9 -2.48e-06  3.46e-05  7.77e-06  5.74e-04  2.05e-05 -2.24e-05  3.10e-05 -2.46e-03 -1.75e-03  7.55e-02  2.46e-03 -7.64e-06  1.57e-05  5.42e-06 -1.39e-04  1.78e-07 -1.73e-06 -8.44e-08  2.54e-06  3.46e-05 -2.02e-04  1.06e-05  4.97e-04  2.40e-05  1.67e-03  2.02e-04  4.33e-03  3.00e-04  2.66e-03
var10  6.71e-06 -1.02e-04 -1.68e-03  1.89e-03 -2.62e-05  1.21e-05 -2.21e-05  1.09e-03  1.34e-02  2.46e-03  7.97e-03  3.43e-06  3.65e-06 -6.89e-06 -5.61e-04  6.59e-08 -1.79e-06 -1.47e-07  1.01e-06  8.32e-05 -8.05e-04  4.78e-05  1.47e-03 -3.60e-05 -2.64e-04 -9.55e-05 -5.36e-03 -5.76e-04 -1.96e-03
var11  5.05e-08  1.03e-07 -1.84e-06 -3.50e-06  5.64e-08  9.98e-08 -1.45e-06 -8.18e-06 -3.44e-06 -7.64e-06  3.43e-06  1.88e-05 -4.55e-07  3.06e-08 -2.68e-06  1.07e-09  4.26e-09 -5.15e-10  2.86e-08  7.55e-07  1.74e-05  1.78e-07  1.79e-05  7.49e-07  1.86e-05  1.95e-06  7.56e-05  1.60e-06  1.46e-05
var12 -3.46e-07  8.02e-07 -1.81e-05  2.00e-05 -1.34e-07 -1.29e-06  2.09e-06  1.44e-05  1.91e-05  1.57e-05  3.65e-06 -4.55e-07  1.21e-03  1.30e-07  3.74e-06  1.93e-09  2.33e-07 -5.46e-10 -6.15e-08  7.38e-07  9.90e-05  1.67e-06  1.92e-04  1.74e-06  5.21e-05 -2.37e-05 -5.42e-04 -1.50e-05 -1.98e-04
var13  3.12e-08 -6.75e-08 -2.56e-06  1.18e-05  3.02e-08  3.12e-07 -3.76e-07 -1.50e-05 -7.43e-06  5.42e-06 -6.89e-06  3.06e-08  1.30e-07  2.34e-05  8.91e-06 -6.21e-10  4.66e-09 -8.87e-10 -4.48e-08  1.15e-06 -7.25e-06  4.32e-08  1.59e-05  1.26e-06  2.93e-05 -1.54e-06 -6.13e-05 -1.80e-08 -1.67e-05
var14 -2.20e-06 -3.17e-06  2.55e-04  4.48e-04 -3.97e-07 -3.30e-06  2.64e-05  1.47e-04 -9.17e-04 -1.39e-04 -5.61e-04 -2.68e-06  3.74e-06  8.91e-06  7.38e-03  3.80e-08  4.70e-08 -2.96e-08  2.99e-06 -6.18e-05 -1.84e-03 -1.64e-05 -1.38e-03 -3.77e-06 -6.97e-04 -2.64e-05 -6.16e-04  1.74e-05  1.02e-04
var15 -5.11e-10  1.47e-09  1.24e-08  1.41e-08  2.17e-10  3.56e-10  2.23e-08 -5.22e-09 -6.07e-08  1.78e-07  6.59e-08  1.07e-09  1.93e-09 -6.21e-10  3.80e-08  1.44e-06 -2.61e-10 -1.80e-11  2.44e-10 -1.26e-08 -6.54e-07 -2.39e-09 -8.90e-08 -1.26e-08 -3.01e-07  1.16e-08  2.91e-07 -4.02e-09  1.39e-07
var16  5.52e-09 -3.31e-08  2.29e-07  4.22e-07 -4.60e-09  1.23e-08 -3.90e-07 -7.37e-08 -1.38e-06 -1.73e-06 -1.79e-06  4.26e-09  2.33e-07  4.66e-09  4.70e-08 -2.61e-10  1.44e-04 -2.22e-11 -1.95e-10  5.10e-08  2.60e-06  2.89e-08  1.93e-06  3.87e-08 -2.52e-07  1.07e-07  2.48e-06  3.38e-08 -3.03e-06
var17  1.07e-10 -1.16e-09 -5.26e-08 -3.64e-08 -1.25e-09  7.45e-09  1.24e-08 -2.98e-07 -6.63e-09 -8.44e-08 -1.47e-07 -5.15e-10 -5.46e-10 -8.87e-10 -2.96e-08 -1.80e-11 -2.22e-11  1.96e-06  3.24e-09 -9.84e-09 -1.96e-08 -1.09e-08 -6.85e-07 -9.54e-09 -2.56e-07 -1.24e-08  7.12e-08 -1.82e-08 -2.43e-07
var18 -1.23e-08  1.54e-07  3.83e-06 -2.92e-06  5.21e-08 -1.85e-07 -1.15e-06  4.29e-06 -1.22e-05  2.54e-06  1.01e-06  2.86e-08 -6.15e-08 -4.48e-08  2.99e-06  2.44e-10 -1.95e-10  3.24e-09  4.84e-04 -5.29e-08 -1.29e-05  1.14e-07  2.06e-05  1.14e-07  2.70e-06  4.47e-07  8.73e-06  1.92e-06  1.09e-05
var19  3.21e-06 -1.48e-05 -5.24e-05  1.11e-05 -2.68e-06  1.12e-06  7.38e-06 -3.23e-05  9.20e-05  3.46e-05  8.32e-05  7.55e-07  7.38e-07  1.15e-06 -6.18e-05 -1.26e-08  5.10e-08 -9.84e-09 -5.29e-08  2.89e-04  1.94e-03  8.84e-07  5.71e-05  6.47e-07  3.94e-05  1.74e-06 -3.88e-06 -8.17e-06 -7.68e-05
var20  2.54e-05 -5.20e-05 -2.80e-03  1.08e-03  6.34e-06  9.42e-05 -3.48e-05 -3.45e-03 -3.74e-03 -2.02e-04 -8.05e-04  1.74e-05  9.90e-05 -7.25e-06 -1.84e-03 -6.54e-07  2.60e-06 -1.96e-08 -1.29e-05  1.94e-03  2.09e-01  2.87e-05  3.02e-03  6.16e-05  2.68e-03  7.77e-05  2.14e-03 -7.55e-04 -4.82e-03
var21  1.80e-07  9.17e-07 -2.38e-05  1.34e-05  6.69e-07 -3.03e-07 -1.53e-06 -3.17e-07  8.62e-05  1.06e-05  4.78e-05  1.78e-07  1.67e-06  4.32e-08 -1.64e-05 -2.39e-09  2.89e-08 -1.09e-08  1.14e-07  8.84e-07  2.87e-05  1.37e-05  1.02e-03  1.13e-08  7.10e-06 -8.70e-07 -3.95e-05 -8.54e-06 -4.07e-05
var22  3.37e-05 -5.11e-05 -1.45e-03  1.59e-03 -1.26e-05  9.02e-05 -3.83e-06 -3.47e-03  1.46e-03  4.97e-04  1.47e-03  1.79e-05  1.92e-04  1.59e-05 -1.38e-03 -8.90e-08  1.93e-06 -6.85e-07  2.06e-05  5.71e-05  3.02e-03  1.02e-03  7.60e-01  2.46e-05  1.27e-03  4.00e-05  4.75e-04 -3.68e-04 -2.13e-03
var23  1.11e-06  4.40e-06 -5.47e-06  9.38e-07  2.94e-06 -8.98e-07 -2.19e-06 -1.49e-04 -2.00e-04  2.40e-05 -3.60e-05  7.49e-07  1.74e-06  1.26e-06 -3.77e-06 -1.26e-08  3.87e-08 -9.54e-09  1.14e-07  6.47e-07  6.16e-05  1.13e-08  2.46e-05  7.88e-05  1.98e-03  6.74e-06  1.86e-04  6.65e-06  4.03e-05
var24  3.42e-05  1.10e-04 -4.02e-04  2.29e-04  8.28e-05  3.42e-05 -5.61e-05 -6.06e-03 -7.55e-03  1.67e-03 -2.64e-04  1.86e-05  5.21e-05  2.93e-05 -6.97e-04 -3.01e-07 -2.52e-07 -2.56e-07  2.70e-06  3.94e-05  2.68e-03  7.10e-06  1.27e-03  1.98e-03  1.45e-01  3.06e-04  8.01e-03  2.80e-04  2.11e-03
var25  6.61e-06 -1.13e-05  7.07e-05 -5.47e-05  4.56e-06  1.65e-05  1.06e-05 -8.05e-04 -1.08e-03  2.02e-04 -9.55e-05  1.95e-06 -2.37e-05 -1.54e-06 -2.64e-05  1.16e-08  1.07e-07 -1.24e-08  4.47e-07  1.74e-06  7.77e-05 -8.70e-07  4.00e-05  6.74e-06  3.06e-04  5.10e-04  1.12e-02  8.65e-05  5.33e-04
var26  1.38e-04 -9.28e-05  2.54e-03 -2.08e-03  1.58e-04  4.16e-04  1.81e-04 -2.13e-02 -3.28e-02  4.33e-03 -5.36e-03  7.56e-05 -5.42e-04 -6.13e-05 -6.16e-04  2.91e-07  2.48e-06  7.12e-08  8.73e-06 -3.88e-06  2.14e-03 -3.95e-05  4.75e-04  1.86e-04  8.01e-03  1.12e-02  4.19e-01  2.42e-03  1.49e-02
var27  1.89e-05 -8.19e-05  6.23e-04 -2.71e-04 -1.19e-05  4.05e-05  7.59e-05 -9.04e-04 -2.53e-03  3.00e-04 -5.76e-04  1.60e-06 -1.50e-05 -1.80e-08  1.74e-05 -4.02e-09  3.38e-08 -1.82e-08  1.92e-06 -8.17e-06 -7.55e-04 -8.54e-06 -3.68e-04  6.65e-06  2.80e-04  8.65e-05  2.42e-03  2.30e-03  5.54e-03
var28  3.27e-05  3.45e-05  3.56e-03 -2.08e-03  3.49e-05  1.67e-04  1.10e-04 -5.79e-03 -1.46e-02  2.66e-03 -1.96e-03  1.46e-05 -1.98e-04 -1.67e-05  1.02e-04  1.39e-07 -3.03e-06 -2.43e-07  1.09e-05 -7.68e-05 -4.82e-03 -4.07e-05 -2.13e-03  4.03e-05  2.11e-03  5.33e-04  1.49e-02  5.54e-03  5.79e-02



