-------------------------------------------------------------------------------
 PARAMETERS:
    NO.   NAME      
     0 gamma_act    
     1 d_gamma      
     2 lambda      
     3 phi         
     4 ap_zero_2   
     5 ap_perp_2   
     6 f_s_mKK0    
     7 delta_par  
     8 delta_perp 
     9 delta_s_perp_mKK0 
    10 delta_m      
    11 p0          
    12 p1          
    13 p0_ss       
    14 p1_ss       
    15 deltap0    
    16 deltap1    
    17 deltap0_ss 
    18 deltap1_ss 
    19 f_s_mKK1   
    20 delta_s_perp_mKK1 
    21 f_s_mKK2    
    22 delta_s_perp_mKK2 
    23 f_s_mKK3    
    24 delta_s_perp_mKK3 
    25 f_s_mKK4    
    26 delta_s_perp_mKK4 
    27 f_s_mKK5    
    28 delta_s_perp_mKK5 


npv1
-------------------------------------------------------------------------------
var0 var1 var2 var3 var4 var5 var6 var7 var8 var9 var10 var11 var12 var13 var14 var15 var16 var17 var18 var19 var20 var21 var22 var23 var24 var25 var26 var27 var28 
var0  2.25e-05 -3.28e-05 -2.29e-06 -3.57e-05 -8.74e-06  1.68e-05  1.88e-05  5.41e-05  3.73e-05 -9.90e-06  1.03e-05  1.12e-07  1.34e-10 -6.00e-08 -1.20e-06 -9.17e-10  9.73e-09  8.52e-11 -1.52e-08  7.03e-06  1.38e-05  7.35e-07 -1.11e-04  1.47e-06  3.91e-05  5.97e-06  4.80e-05  1.28e-05  1.43e-05
var1 -3.28e-05  2.54e-04  6.10e-05  1.30e-05  6.29e-05 -9.50e-05 -8.27e-05 -4.10e-05 -1.48e-04 -1.46e-04 -5.11e-05  2.19e-07  1.68e-06  2.20e-07 -6.21e-06 -3.86e-10 -2.36e-08 -4.09e-09  2.92e-08  4.91e-06  2.43e-04  4.01e-06 -4.31e-06  1.36e-06  3.01e-04  2.59e-06  1.84e-04 -4.67e-05  6.42e-05
var2 -2.29e-06  6.10e-05  1.34e-03 -3.33e-04  1.97e-05 -1.70e-05  8.49e-05  4.59e-04 -1.28e-03 -1.54e-03 -1.17e-03  3.17e-06  9.19e-06  4.21e-06  6.03e-05 -1.84e-08  2.37e-07 -5.18e-08  1.09e-06  7.16e-05  7.30e-04  5.00e-05 -4.96e-03  2.29e-05  1.25e-03  2.42e-04  3.12e-03  2.88e-05 -9.24e-05
var3 -3.57e-05  1.30e-05 -3.33e-04  7.25e-03  2.88e-05 -6.64e-05 -1.55e-04 -4.83e-04 -1.69e-03 -5.01e-05 -1.78e-03 -1.28e-05 -8.73e-06  1.82e-05  3.58e-04  1.55e-07 -1.62e-06  1.17e-07  1.20e-07 -1.03e-04 -7.11e-04 -3.18e-05  2.96e-03  1.19e-05  2.83e-04  5.53e-06 -4.13e-04  1.95e-06 -4.05e-05
var4 -8.74e-06  6.29e-05  1.97e-05  2.88e-05  3.78e-05 -3.11e-05 -1.62e-05  2.34e-05 -4.03e-05 -5.51e-05 -2.36e-05  9.67e-08  6.09e-07  1.65e-07 -6.29e-07  3.84e-10 -1.44e-08 -6.36e-10 -5.95e-09  5.76e-06  9.31e-05  2.17e-06 -1.16e-04  1.81e-06  1.65e-04  8.04e-06  1.21e-04 -7.59e-06  3.18e-05
var5  1.68e-05 -9.50e-05 -1.70e-05 -6.64e-05 -3.11e-05  8.01e-05  3.94e-05  3.99e-04  2.73e-04 -1.47e-04  4.64e-05  1.63e-07 -9.19e-07 -1.67e-07  1.58e-06 -1.16e-09  2.60e-08  4.10e-09 -5.37e-08  6.35e-07  3.90e-06 -8.94e-07 -1.20e-04 -9.39e-07 -1.03e-04 -9.64e-07  3.13e-06  2.04e-05  3.13e-05
var6  1.88e-05 -8.27e-05  8.49e-05 -1.55e-04 -1.62e-05  3.94e-05  7.13e-03  3.68e-04 -1.07e-04 -5.60e-03 -2.21e-04  1.38e-06 -6.09e-07 -3.15e-06  3.89e-05 -1.00e-08  1.83e-07  7.58e-09 -5.83e-07  1.27e-05  5.10e-05  3.35e-06 -5.35e-04  5.04e-06  2.04e-04  2.97e-05  3.19e-04  2.34e-05 -5.28e-05
var7  5.41e-05 -4.10e-05  4.59e-04 -4.83e-04  2.34e-05  3.99e-04  3.68e-04  1.63e-02  8.21e-03 -3.79e-03  6.21e-06  4.97e-06  3.64e-06  7.70e-06 -3.29e-06 -3.16e-08  2.84e-07  9.15e-08 -6.32e-07  3.27e-04  2.19e-03  6.28e-05 -7.32e-03  7.84e-05  3.69e-03  3.95e-04  4.88e-03  2.24e-04  1.03e-04
var8  3.73e-05 -1.48e-04 -1.28e-03 -1.69e-03 -4.03e-05  2.73e-04 -1.07e-04  8.21e-03  5.05e-02 -1.88e-03  1.57e-02  5.15e-06 -2.88e-05 -3.12e-05 -7.27e-05  6.55e-08  2.08e-06  3.94e-07 -9.61e-06 -7.27e-05 -3.74e-03 -4.14e-05  5.31e-03 -1.16e-04 -1.03e-02 -6.56e-04 -9.58e-03  1.61e-04 -1.36e-03
var9 -9.90e-06 -1.46e-04 -1.54e-03 -5.01e-05 -5.51e-05 -1.47e-04 -5.60e-03 -3.79e-03 -1.88e-03  2.17e-01  5.11e-03 -3.70e-05  7.41e-05  6.69e-05 -3.97e-04  3.60e-07 -6.35e-06 -1.31e-07  5.02e-06 -4.21e-05 -9.58e-04 -2.27e-05  4.24e-03 -7.87e-05 -3.87e-03 -3.28e-04 -3.73e-03 -2.81e-05  1.69e-03
var10  1.03e-05 -5.11e-05 -1.17e-03 -1.78e-03 -2.36e-05  4.64e-05 -2.21e-04  6.21e-06  1.57e-02  5.11e-03  1.13e-02  6.22e-06 -1.40e-06 -3.77e-05 -3.59e-04  5.51e-08 -5.67e-07 -1.37e-07  1.21e-06 -1.14e-05 -1.32e-03  1.09e-05  2.01e-03 -1.25e-04 -7.35e-03 -4.24e-04 -4.72e-03  2.78e-05  1.78e-03
var11  1.12e-07  2.19e-07  3.17e-06 -1.28e-05  9.67e-08  1.63e-07  1.38e-06  4.97e-06  5.15e-06 -3.70e-05  6.22e-06  1.90e-05  1.58e-07 -6.57e-08 -1.93e-06  2.42e-10  1.66e-08 -8.51e-10 -1.63e-10  1.08e-06  1.00e-05  8.97e-07 -4.83e-05  4.54e-07  1.71e-05  2.52e-06  3.64e-05  1.37e-06 -5.23e-06
var12  1.34e-10  1.68e-06  9.19e-06 -8.73e-06  6.09e-07 -9.19e-07 -6.09e-07  3.64e-06 -2.88e-05  7.41e-05 -1.40e-06  1.58e-07  1.21e-03  9.03e-09  4.43e-06  9.49e-09 -1.74e-07 -9.26e-10  6.70e-08  6.72e-06  4.46e-05  4.55e-06 -3.60e-04  2.17e-06  3.21e-05 -2.58e-06 -4.84e-05  4.17e-06  1.08e-04
var13 -6.00e-08  2.20e-07  4.21e-06  1.82e-05  1.65e-07 -1.67e-07 -3.15e-06  7.70e-06 -3.12e-05  6.69e-05 -3.77e-05 -6.57e-08  9.03e-09  2.40e-05  2.98e-06 -2.54e-11  7.11e-10  3.75e-09  4.42e-08  3.57e-06  1.65e-05 -4.43e-07  7.57e-06  1.25e-06  5.53e-05 -3.78e-07 -2.65e-05  3.32e-06  1.35e-05
var14 -1.20e-06 -6.21e-06  6.03e-05  3.58e-04 -6.29e-07  1.58e-06  3.89e-05 -3.29e-06 -7.27e-05 -3.97e-04 -3.59e-04 -1.93e-06  4.43e-06  2.98e-06  7.67e-03 -5.33e-10  1.00e-07  8.67e-08 -6.91e-07 -8.55e-05 -2.84e-04 -4.57e-06 -4.00e-04  1.25e-05  8.34e-04 -2.23e-05 -3.60e-04  9.44e-06 -6.65e-05
var15 -9.17e-10 -3.86e-10 -1.84e-08  1.55e-07  3.84e-10 -1.16e-09 -1.00e-08 -3.16e-08  6.55e-08  3.60e-07  5.51e-08  2.42e-10  9.49e-09 -2.54e-11 -5.33e-10  1.44e-06  1.84e-10 -1.67e-11 -1.59e-10 -1.93e-08 -4.98e-08  1.41e-09  1.34e-07 -4.06e-09 -3.68e-07 -1.38e-08 -1.55e-07 -2.89e-10  5.55e-08
var16  9.73e-09 -2.36e-08  2.37e-07 -1.62e-06 -1.44e-08  2.60e-08  1.83e-07  2.84e-07  2.08e-06 -6.35e-06 -5.67e-07  1.66e-08 -1.74e-07  7.11e-10  1.00e-07  1.84e-10  1.44e-04  1.79e-10  1.95e-09 -2.46e-08 -1.58e-06 -3.46e-08 -1.79e-06  4.75e-08  4.32e-06  1.02e-08 -7.23e-07 -2.03e-07 -2.27e-06
var17  8.52e-11 -4.09e-09 -5.18e-08  1.17e-07 -6.36e-10  4.10e-09  7.58e-09  9.15e-08  3.94e-07 -1.31e-07 -1.37e-07 -8.51e-10 -9.26e-10  3.75e-09  8.67e-08 -1.67e-11  1.79e-10  1.96e-06  1.25e-09  2.29e-08  1.90e-07 -1.39e-08  9.33e-07 -4.77e-09 -3.42e-07 -8.79e-09 -8.20e-08  2.53e-08  1.32e-07
var18 -1.52e-08  2.92e-08  1.09e-06  1.20e-07 -5.95e-09 -5.37e-08 -5.83e-07 -6.32e-07 -9.61e-06  5.02e-06  1.21e-06 -1.63e-10  6.70e-08  4.42e-08 -6.91e-07 -1.59e-10  1.95e-09  1.25e-09  4.84e-04 -1.36e-06 -9.00e-06  1.70e-07  5.93e-07  2.41e-07  1.85e-05 -3.86e-07 -4.99e-06 -7.49e-07 -6.61e-06
var19  7.03e-06  4.91e-06  7.16e-05 -1.03e-04  5.76e-06  6.35e-07  1.27e-05  3.27e-04 -7.27e-05 -4.21e-05 -1.14e-05  1.08e-06  6.72e-06  3.57e-06 -8.55e-05 -1.93e-08 -2.46e-08  2.29e-08 -1.36e-06  9.67e-04  4.38e-03  5.24e-06 -4.86e-04  3.02e-06  1.70e-04  2.38e-05  3.08e-04  8.52e-06  4.18e-05
var20  1.38e-05  2.43e-04  7.30e-04 -7.11e-04  9.31e-05  3.90e-06  5.10e-05  2.19e-03 -3.74e-03 -9.58e-04 -1.32e-03  1.00e-05  4.46e-05  1.65e-05 -2.84e-04 -4.98e-08 -1.58e-06  1.90e-07 -9.00e-06  4.38e-03  7.01e-02  4.41e-05 -4.13e-03  2.93e-05  2.19e-03  2.17e-04  3.16e-03  1.09e-05  4.86e-04
var21  7.35e-07  4.01e-06  5.00e-05 -3.18e-05  2.17e-06 -8.94e-07  3.35e-06  6.28e-05 -4.14e-05 -2.27e-05  1.09e-05  8.97e-07  4.55e-06 -4.43e-07 -4.57e-06  1.41e-09 -3.46e-08 -1.39e-08  1.70e-07  5.24e-06  4.41e-05  3.39e-05 -2.69e-03  6.01e-07  4.01e-05  1.05e-05  1.45e-04  2.05e-06  2.07e-05
var22 -1.11e-04 -4.31e-06 -4.96e-03  2.96e-03 -1.16e-04 -1.20e-04 -5.35e-04 -7.32e-03  5.31e-03  4.24e-03  2.01e-03 -4.83e-05 -3.60e-04  7.57e-06 -4.00e-04  1.34e-07 -1.79e-06  9.33e-07  5.93e-07 -4.86e-04 -4.13e-03 -2.69e-03  6.57e-01 -9.46e-05 -5.48e-03 -1.08e-03 -1.43e-02 -2.68e-04 -1.11e-03
var23  1.47e-06  1.36e-06  2.29e-05  1.19e-05  1.81e-06 -9.39e-07  5.04e-06  7.84e-05 -1.16e-04 -7.87e-05 -1.25e-04  4.54e-07  2.17e-06  1.25e-06  1.25e-05 -4.06e-09  4.75e-08 -4.77e-09  2.41e-07  3.02e-06  2.93e-05  6.01e-07 -9.46e-05  7.02e-05  3.13e-03  8.53e-06  9.41e-05  1.73e-06 -2.11e-05
var24  3.91e-05  3.01e-04  1.25e-03  2.83e-04  1.65e-04 -1.03e-04  2.04e-04  3.69e-03 -1.03e-02 -3.87e-03 -7.35e-03  1.71e-05  3.21e-05  5.53e-05  8.34e-04 -3.68e-07  4.32e-06 -3.42e-07  1.85e-05  1.70e-04  2.19e-03  4.01e-05 -5.48e-03  3.13e-03  2.67e-01  4.80e-04  5.79e-03  3.35e-05 -6.79e-04
var25  5.97e-06  2.59e-06  2.42e-04  5.53e-06  8.04e-06 -9.64e-07  2.97e-05  3.95e-04 -6.56e-04 -3.28e-04 -4.24e-04  2.52e-06 -2.58e-06 -3.78e-07 -2.23e-05 -1.38e-08  1.02e-08 -8.79e-09 -3.86e-07  2.38e-05  2.17e-04  1.05e-05 -1.08e-03  8.53e-06  4.80e-04  6.64e-04  6.49e-03  1.26e-05 -8.73e-06
var26  4.80e-05  1.84e-04  3.12e-03 -4.13e-04  1.21e-04  3.13e-06  3.19e-04  4.88e-03 -9.58e-03 -3.73e-03 -4.72e-03  3.64e-05 -4.84e-05 -2.65e-05 -3.60e-04 -1.55e-07 -7.23e-07 -8.20e-08 -4.99e-06  3.08e-04  3.16e-03  1.45e-04 -1.43e-02  9.41e-05  5.79e-03  6.49e-03  1.33e-01  1.21e-04  4.11e-04
var27  1.28e-05 -4.67e-05  2.88e-05  1.95e-06 -7.59e-06  2.04e-05  2.34e-05  2.24e-04  1.61e-04 -2.81e-05  2.78e-05  1.37e-06  4.17e-06  3.32e-06  9.44e-06 -2.89e-10 -2.03e-07  2.53e-08 -7.49e-07  8.52e-06  1.09e-05  2.05e-06 -2.68e-04  1.73e-06  3.35e-05  1.26e-05  1.21e-04  1.71e-03  4.55e-03
var28  1.43e-05  6.42e-05 -9.24e-05 -4.05e-05  3.18e-05  3.13e-05 -5.28e-05  1.03e-04 -1.36e-03  1.69e-03  1.78e-03 -5.23e-06  1.08e-04  1.35e-05 -6.65e-05  5.55e-08 -2.27e-06  1.32e-07 -6.61e-06  4.18e-05  4.86e-04  2.07e-05 -1.11e-03 -2.11e-05 -6.79e-04 -8.73e-06  4.11e-04  4.55e-03  6.53e-02



npv2
-----------------------------------------------------------------------------------------------
var0 var1 var2 var3 var4 var5 var6 var7 var8 var9 var10 var11 var12 var13 var14 var15 var16 var17 var18 var19 var20 var21 var22 var23 var24 var25 var26 var27 var28 
var0  1.91e-05 -2.85e-05  2.97e-06  1.70e-05 -7.50e-06  1.33e-05  2.24e-05 -5.87e-05 -2.39e-05  6.96e-06  3.00e-06  1.26e-08  1.83e-08  3.04e-08 -1.15e-06 -1.42e-10  7.66e-09  1.08e-10  6.23e-10  3.17e-06  3.03e-05  5.35e-06 -2.10e-05  2.43e-09 -6.00e-05  5.93e-06  1.52e-05  1.48e-05  3.18e-05
var1 -2.85e-05  2.23e-04  1.01e-06 -1.94e-04  5.53e-05 -8.21e-05 -1.27e-04  7.99e-05 -1.94e-04 -3.71e-05 -1.03e-04  3.88e-07 -5.54e-07 -4.74e-09  2.67e-06  2.79e-09 -7.15e-08 -2.83e-09  1.30e-07 -1.46e-05  4.77e-05 -3.68e-06  6.38e-06  5.50e-07  3.29e-04 -8.10e-06  4.21e-05 -7.42e-05 -2.06e-05
var2  2.97e-06  1.01e-06  1.09e-03 -2.75e-04  1.91e-06  1.21e-05 -3.04e-05 -1.14e-03 -5.40e-03  6.44e-04 -1.70e-03 -5.05e-06 -8.08e-06 -3.29e-06 -4.12e-05  4.54e-08 -2.81e-07 -1.83e-08  2.00e-06  2.90e-05  4.09e-03  9.25e-05 -3.41e-04  4.81e-08 -9.46e-03 -7.08e-05 -3.70e-04  1.19e-04  1.97e-03
var3  1.70e-05 -1.94e-04 -2.75e-04  6.98e-03 -4.49e-05  6.17e-05  7.14e-05  8.17e-04  6.49e-03 -1.82e-04  2.63e-03 -8.37e-06  1.34e-05  5.06e-06  1.92e-04 -9.01e-08  2.10e-06  8.84e-08 -5.86e-06 -7.21e-06 -1.11e-03 -2.73e-05  1.98e-04 -4.25e-06  9.93e-03 -4.46e-05 -1.96e-04 -3.47e-05 -1.64e-03
var4 -7.50e-06  5.53e-05  1.91e-06 -4.49e-05  3.19e-05 -2.71e-05 -3.65e-05 -1.46e-05 -7.60e-05 -4.86e-06 -2.81e-05  1.42e-07 -1.91e-07  1.57e-08  6.36e-07  8.38e-10 -2.23e-08 -1.02e-09  4.25e-08 -1.65e-06  3.65e-05  2.92e-06 -1.59e-05  2.04e-07  7.71e-05  3.73e-06  3.52e-05 -1.72e-05  8.69e-06
var5  1.33e-05 -8.21e-05  1.21e-05  6.17e-05 -2.71e-05  6.30e-05  4.96e-05 -3.98e-04 -1.65e-04  6.50e-06  3.77e-06 -2.24e-07  1.38e-07 -2.63e-08 -1.95e-06  4.85e-10  2.71e-08  3.00e-09  1.52e-10 -2.94e-06  9.59e-05  2.72e-06 -1.80e-05 -6.55e-07 -1.90e-04  1.91e-06  2.64e-05  2.60e-05  1.40e-04
var6  2.24e-05 -1.27e-04 -3.04e-05  7.14e-05 -3.65e-05  4.96e-05  8.43e-03  1.84e-04  4.46e-04  2.56e-05  1.06e-04 -2.86e-07  1.84e-06 -1.28e-06 -8.05e-05  2.42e-09 -1.96e-07  1.77e-08 -8.93e-07  6.29e-06 -2.71e-04 -2.01e-06  2.42e-06 -3.37e-07 -2.02e-04  4.08e-06 -3.53e-05  3.61e-05 -1.10e-04
var7 -5.87e-05  7.99e-05 -1.14e-03  8.17e-04 -1.46e-05 -3.98e-04  1.84e-04  3.65e-02  2.31e-02 -2.96e-03  3.36e-03  6.28e-06  1.57e-05 -3.41e-06  1.49e-04 -2.09e-07  1.25e-06 -1.31e-07 -4.67e-06 -2.23e-06 -1.03e-02 -4.48e-04  1.07e-03  6.05e-06  4.59e-03 -4.12e-04 -2.25e-03 -5.44e-04 -9.00e-03
var8 -2.39e-05 -1.94e-04 -5.40e-03  6.49e-03 -7.60e-05 -1.65e-04  4.46e-04  2.31e-02  8.09e-02 -6.97e-03  2.38e-02  3.60e-05  3.94e-05  2.40e-05  2.97e-04 -3.34e-07  2.65e-06 -3.09e-07 -1.68e-05 -2.98e-04 -3.99e-02 -7.41e-04  1.75e-03 -1.24e-05  7.11e-02  5.75e-05 -1.81e-03 -1.44e-03 -2.55e-02
var9  6.96e-06 -3.71e-05  6.44e-04 -1.82e-04 -4.86e-06  6.50e-06  2.56e-05 -2.96e-03 -6.97e-03  9.82e-02 -1.51e-03 -3.44e-06 -8.08e-05  1.98e-05  5.53e-05  2.85e-08  6.30e-08  3.76e-07 -7.68e-06  4.44e-05  4.39e-03  8.93e-05 -1.86e-04  9.08e-07 -4.64e-03 -2.93e-06  6.94e-05  1.64e-04  2.41e-03
var10  3.00e-06 -1.03e-04 -1.70e-03  2.63e-03 -2.81e-05  3.77e-06  1.06e-04  3.36e-03  2.38e-02 -1.51e-03  1.15e-02  4.43e-06  5.18e-05  1.12e-05 -3.09e-04 -1.04e-07 -1.80e-07 -6.74e-08 -5.57e-06 -5.77e-05 -6.14e-03 -1.85e-04  6.85e-04 -6.82e-06  3.68e-02  5.58e-05 -1.10e-04 -3.51e-04 -5.96e-03
var11  1.26e-08  3.88e-07 -5.05e-06 -8.37e-06  1.42e-07 -2.24e-07 -2.86e-07  6.28e-06  3.60e-05 -3.44e-06  4.43e-06  1.89e-05 -4.44e-07  7.42e-08  1.94e-07 -1.68e-09 -1.84e-08  2.08e-10  1.81e-08  4.14e-08  2.97e-05  1.21e-06 -6.37e-06  6.88e-08  1.28e-04  3.37e-06  1.74e-05 -6.22e-08 -1.21e-05
var12  1.83e-08 -5.54e-07 -8.08e-06  1.34e-05 -1.91e-07  1.38e-07  1.84e-06  1.57e-05  3.94e-05 -8.08e-05  5.18e-05 -4.44e-07  1.21e-03  2.14e-07  3.91e-06 -1.17e-08  7.78e-08 -4.08e-09 -2.01e-08  7.39e-07  9.00e-05 -1.27e-06  2.00e-07  9.61e-08  1.17e-03 -1.14e-06  1.53e-05 -2.15e-06 -6.68e-05
var13  3.04e-08 -4.74e-09 -3.29e-06  5.06e-06  1.57e-08 -2.63e-08 -1.28e-06 -3.41e-06  2.40e-05  1.98e-05  1.12e-05  7.42e-08  2.14e-07  2.36e-05  2.04e-06  5.13e-10 -1.40e-08 -3.06e-09 -4.82e-08  1.23e-06 -6.78e-05  7.12e-07  5.84e-06  2.43e-07  6.39e-04  1.46e-06  2.57e-06 -2.49e-06 -4.25e-05
var14 -1.15e-06  2.67e-06 -4.12e-05  1.92e-04  6.36e-07 -1.95e-06 -8.05e-05  1.49e-04  2.97e-04  5.53e-05 -3.09e-04  1.94e-07  3.91e-06  2.04e-06  7.65e-03  2.07e-08  1.26e-07 -3.56e-08  1.08e-06 -7.15e-06  4.26e-04 -2.52e-05 -4.46e-05  2.49e-06  9.91e-03  2.25e-05  3.45e-04 -1.93e-05 -5.75e-05
var15 -1.42e-10  2.79e-09  4.54e-08 -9.01e-08  8.38e-10  4.85e-10  2.42e-09 -2.09e-07 -3.34e-07  2.85e-08 -1.04e-07 -1.68e-09 -1.17e-08  5.13e-10  2.07e-08  1.44e-06 -3.74e-10 -7.24e-12  5.50e-11 -5.91e-10 -1.77e-07 -2.78e-09  7.72e-08 -3.68e-10 -1.30e-06  2.49e-08  1.17e-07 -1.58e-08 -1.53e-07
var16  7.66e-09 -7.15e-08 -2.81e-07  2.10e-06 -2.23e-08  2.71e-08 -1.96e-07  1.25e-06  2.65e-06  6.30e-08 -1.80e-07 -1.84e-08  7.78e-08 -1.40e-08  1.26e-07 -3.74e-10  1.44e-04 -8.42e-11  1.19e-09 -1.03e-07 -3.69e-06  5.44e-08 -1.34e-06 -4.18e-09 -2.30e-05 -2.47e-07 -5.98e-07  4.01e-07  3.98e-06
var17  1.08e-10 -2.83e-09 -1.83e-08  8.84e-08 -1.02e-09  3.00e-09  1.77e-08 -1.31e-07 -3.09e-07  3.76e-07 -6.74e-08  2.08e-10 -4.08e-09 -3.06e-09 -3.56e-08 -7.24e-12 -8.42e-11  1.96e-06  9.95e-10 -3.31e-09 -1.86e-07 -1.04e-08 -4.59e-09 -5.34e-10 -6.43e-07 -7.42e-10 -2.30e-09 -1.06e-08 -8.67e-08
var18  6.23e-10  1.30e-07  2.00e-06 -5.86e-06  4.25e-08  1.52e-10 -8.93e-07 -4.67e-06 -1.68e-05 -7.68e-06 -5.57e-06  1.81e-08 -2.01e-08 -4.82e-08  1.08e-06  5.50e-11  1.19e-09  9.95e-10  4.84e-04  3.80e-08  3.04e-06  2.15e-07 -4.89e-09  1.48e-08 -6.75e-05  1.28e-08  1.26e-06  1.03e-06  9.22e-06
var19  3.17e-06 -1.46e-05  2.90e-05 -7.21e-06 -1.65e-06 -2.94e-06  6.29e-06 -2.23e-06 -2.98e-04  4.44e-05 -5.77e-05  4.14e-08  7.39e-07  1.23e-06 -7.15e-06 -5.91e-10 -1.03e-07 -3.31e-09  3.80e-08  3.04e-04  2.30e-03  4.45e-06 -6.23e-06  1.51e-07 -2.22e-04  4.33e-07 -7.70e-06  1.35e-05  9.72e-05
var20  3.03e-05  4.77e-05  4.09e-03 -1.11e-03  3.65e-05  9.59e-05 -2.71e-04 -1.03e-02 -3.99e-02  4.39e-03 -6.14e-03  2.97e-05  9.00e-05 -6.78e-05  4.26e-04 -1.77e-07 -3.69e-06 -1.86e-07  3.04e-06  2.30e-03  3.70e-01  4.67e-04 -1.04e-03  1.33e-06 -2.38e-02 -1.77e-04  3.20e-04  8.44e-04  1.51e-02
var21  5.35e-06 -3.68e-06  9.25e-05 -2.73e-05  2.92e-06  2.72e-06 -2.01e-06 -4.48e-04 -7.41e-04  8.93e-05 -1.85e-04  1.21e-06 -1.27e-06  7.12e-07 -2.52e-05 -2.78e-09  5.44e-08 -1.04e-08  2.15e-07  4.45e-06  4.67e-04  1.79e-04 -7.13e-04  4.55e-08 -7.76e-04  1.83e-06  7.72e-06  1.92e-05  2.68e-04
var22 -2.10e-05  6.38e-06 -3.41e-04  1.98e-04 -1.59e-05 -1.80e-05  2.42e-06  1.07e-03  1.75e-03 -1.86e-04  6.85e-04 -6.37e-06  2.00e-07  5.84e-06 -4.46e-05  7.72e-08 -1.34e-06 -4.59e-09 -4.89e-09 -6.23e-06 -1.04e-03 -7.13e-04  2.24e-02  3.93e-08  3.48e-03  3.91e-07  2.80e-05 -4.43e-05 -6.43e-04
var23  2.43e-09  5.50e-07  4.81e-08 -4.25e-06  2.04e-07 -6.55e-07 -3.37e-07  6.05e-06 -1.24e-05  9.08e-07 -6.82e-06  6.88e-08  9.61e-08  2.43e-07  2.49e-06 -3.68e-10 -4.18e-09 -5.34e-10  1.48e-08  1.51e-07  1.33e-06  4.55e-08  3.93e-08  4.98e-06  5.52e-04  6.82e-08  2.78e-07  6.49e-08  1.33e-06
var24 -6.00e-05  3.29e-04 -9.46e-03  9.93e-03  7.71e-05 -1.90e-04 -2.02e-04  4.59e-03  7.11e-02 -4.64e-03  3.68e-02  1.28e-04  1.17e-03  6.39e-04  9.91e-03 -1.30e-06 -2.30e-05 -6.43e-07 -6.75e-05 -2.22e-04 -2.38e-02 -7.76e-04  3.48e-03  5.52e-04  3.01e+00  6.37e-04  3.54e-03 -1.40e-03 -1.96e-02
var25  5.93e-06 -8.10e-06 -7.08e-05 -4.46e-05  3.73e-06  1.91e-06  4.08e-06 -4.12e-04  5.75e-05 -2.93e-06  5.58e-05  3.37e-06 -1.14e-06  1.46e-06  2.25e-05  2.49e-08 -2.47e-07 -7.42e-10  1.28e-08  4.33e-07 -1.77e-04  1.83e-06  3.91e-07  6.82e-08  6.37e-04  6.30e-04  2.11e-03  3.48e-06 -2.32e-05
var26  1.52e-05  4.21e-05 -3.70e-04 -1.96e-04  3.52e-05  2.64e-05 -3.53e-05 -2.25e-03 -1.81e-03  6.94e-05 -1.10e-04  1.74e-05  1.53e-05  2.57e-06  3.45e-04  1.17e-07 -5.98e-07 -2.30e-09  1.26e-06 -7.70e-06  3.20e-04  7.72e-06  2.80e-05  2.78e-07  3.54e-03  2.11e-03  3.26e-02  1.28e-05  5.99e-04
var27  1.48e-05 -7.42e-05  1.19e-04 -3.47e-05 -1.72e-05  2.60e-05  3.61e-05 -5.44e-04 -1.44e-03  1.64e-04 -3.51e-04 -6.22e-08 -2.15e-06 -2.49e-06 -1.93e-05 -1.58e-08  4.01e-07 -1.06e-08  1.03e-06  1.35e-05  8.44e-04  1.92e-05 -4.43e-05  6.49e-08 -1.40e-03  3.48e-06  1.28e-05  1.57e-03  3.22e-03
var28  3.18e-05 -2.06e-05  1.97e-03 -1.64e-03  8.69e-06  1.40e-04 -1.10e-04 -9.00e-03 -2.55e-02  2.41e-03 -5.96e-03 -1.21e-05 -6.68e-05 -4.25e-05 -5.75e-05 -1.53e-07  3.98e-06 -8.67e-08  9.22e-06  9.72e-05  1.51e-02  2.68e-04 -6.43e-04  1.33e-06 -1.96e-02 -2.32e-05  5.99e-04  3.22e-03  5.80e-02




npv3
----------------------------------------------------------------------
var0 var1 var2 var3 var4 var5 var6 var7 var8 var9 var10 var11 var12 var13 var14 var15 var16 var17 var18 var19 var20 var21 var22 var23 var24 var25 var26 var27 var28 
var0  3.25e-05 -4.58e-05  2.00e-06 -6.41e-06 -1.18e-05  2.21e-05  3.66e-05 -5.03e-05  5.79e-07 -7.28e-05  4.17e-06  5.59e-08 -3.00e-07  6.97e-08 -2.40e-06 -9.79e-10  5.73e-09  6.71e-10 -2.82e-08  1.13e-05 -5.37e-05  5.36e-07 -7.21e-05  3.54e-06 -3.12e-05  1.86e-05  7.15e-05  1.41e-05 -2.80e-06
var1 -4.58e-05  3.94e-04 -2.45e-05 -2.04e-04  9.33e-05 -1.45e-04 -2.05e-04  1.04e-04 -3.52e-04  1.39e-04 -1.25e-04  4.27e-07  3.93e-08 -3.98e-07  1.14e-05  5.94e-09 -3.98e-08  5.27e-09 -9.15e-08 -1.29e-05 -3.30e-06 -3.65e-07  1.43e-03 -6.47e-06  4.19e-05 -7.14e-05 -1.87e-04 -3.28e-05  1.14e-04
var2  2.00e-06 -2.45e-05  1.11e-03  6.74e-04 -8.01e-07  6.91e-06 -9.22e-05 -3.55e-04 -9.30e-05 -6.41e-06 -2.55e-04 -6.13e-06  7.70e-06 -2.05e-06  9.44e-05 -5.84e-08  3.66e-07 -4.64e-08  3.93e-07  3.80e-04 -2.80e-03  5.83e-06 -1.56e-02  2.97e-05 -4.88e-04 -1.39e-04 -1.36e-03  4.98e-05  5.14e-04
var3 -6.41e-06 -2.04e-04  6.74e-04  1.30e-02 -1.29e-05  5.57e-05 -6.52e-04 -4.64e-04  1.10e-02  7.25e-03  3.72e-03 -2.81e-05  2.19e-05  1.70e-05  2.11e-05 -1.77e-07  1.19e-06 -3.32e-07  6.49e-06  2.22e-04 -2.50e-03 -7.27e-06 -4.10e-02  9.76e-05 -2.25e-03  2.05e-05 -2.40e-04  7.94e-05  4.49e-04
var4 -1.18e-05  9.33e-05 -8.01e-07 -1.29e-05  5.36e-05 -4.52e-05 -4.23e-05 -9.98e-07 -6.49e-05  2.33e-05 -2.34e-05  3.29e-08 -2.69e-07  4.75e-08  2.38e-06  1.34e-10  1.86e-09  9.48e-10 -2.44e-08  4.69e-06 -5.03e-05 -7.45e-09  1.86e-04  9.88e-07 -2.79e-05 -9.06e-06  4.28e-06 -2.64e-07  3.43e-05
var5  2.21e-05 -1.45e-04  6.91e-06  5.57e-05 -4.52e-05  1.06e-04  7.40e-05 -3.34e-04 -2.98e-05 -2.88e-04  1.88e-05 -8.01e-08 -3.23e-07  2.91e-07 -1.47e-05 -2.04e-09  1.02e-08  4.06e-10 -6.90e-08  1.10e-06 -3.95e-05 -7.97e-07 -2.17e-04 -2.37e-06  5.57e-06  2.06e-05  1.18e-04  5.65e-06  8.02e-06
var6  3.66e-05 -2.05e-04 -9.22e-05 -6.52e-04 -4.23e-05  7.40e-05  1.04e-02  2.80e-05 -7.30e-04 -1.80e-02 -4.57e-04  1.41e-06  1.10e-06  7.26e-07 -1.70e-04  3.58e-09 -4.45e-08  6.03e-08 -1.63e-06 -1.96e-05  1.81e-04 -4.23e-07  3.17e-03 -1.66e-06  7.03e-05  4.94e-05  2.18e-04  1.69e-05 -1.05e-04
var7 -5.03e-05  1.04e-04 -3.55e-04 -4.64e-04 -9.98e-07 -3.34e-04  2.80e-05  2.77e-02  1.26e-02 -5.42e-03  4.41e-04 -1.22e-06  8.06e-07 -7.33e-06  3.30e-04  1.85e-08  4.78e-07 -1.02e-07  5.95e-06 -6.20e-04  5.00e-03 -7.74e-06 -1.49e-02  2.41e-05 -2.30e-03 -4.78e-04 -1.89e-03 -2.62e-04 -1.57e-03
var8  5.79e-07 -3.52e-04 -9.30e-05  1.10e-02 -6.49e-05 -2.98e-05 -7.30e-04  1.26e-02  7.05e-02  4.82e-03  1.57e-02 -2.78e-05  6.51e-05 -6.85e-06  5.55e-04 -4.28e-07  6.02e-06 -2.36e-07  1.95e-05 -6.12e-04  5.03e-03  3.52e-05 -9.73e-02  5.92e-04 -1.55e-02 -7.28e-04 -6.13e-03 -3.19e-04 -3.70e-03
var9 -7.28e-05  1.39e-04 -6.41e-06  7.25e-03  2.33e-05 -2.88e-04 -1.80e-02 -5.42e-03  4.82e-03  4.13e-01  9.31e-03 -2.68e-06  1.83e-04  6.61e-05  3.00e-03 -2.06e-08 -1.51e-06 -1.03e-06  2.63e-05  6.83e-05  1.16e-03  1.79e-05 -2.49e-02 -2.46e-05  2.43e-03  3.53e-04  1.56e-03  1.17e-04  2.45e-04
var10  4.17e-06 -1.25e-04 -2.55e-04  3.72e-03 -2.34e-05  1.88e-05 -4.57e-04  4.41e-04  1.57e-02  9.31e-03  7.70e-03 -5.56e-06 -7.36e-06 -3.30e-06  1.99e-04 -1.18e-07  1.09e-06 -1.29e-07  5.45e-06 -2.03e-04  2.55e-03  1.48e-05 -2.55e-02  7.69e-05 -1.49e-03  6.84e-05  8.70e-05 -2.89e-05 -7.42e-04
var11  5.59e-08  4.27e-07 -6.13e-06 -2.81e-05  3.29e-08 -8.01e-08  1.41e-06 -1.22e-06 -2.78e-05 -2.68e-06 -5.56e-06  1.91e-05 -2.23e-07 -4.33e-09 -9.23e-07  1.16e-09 -4.73e-09  4.18e-10 -2.12e-08 -1.80e-06  2.78e-05  1.17e-07  3.69e-04 -8.07e-08 -9.23e-06  3.05e-06  2.32e-05  1.44e-06  2.72e-06
var12 -3.00e-07  3.93e-08  7.70e-06  2.19e-05 -2.69e-07 -3.23e-07  1.10e-06  8.06e-07  6.51e-05  1.83e-04 -7.36e-06 -2.23e-07  1.22e-03 -6.33e-08  1.96e-06  2.94e-09  4.60e-08 -3.63e-09 -2.14e-08 -2.37e-06  4.87e-05 -3.92e-07  6.13e-04  2.10e-07  7.88e-05 -1.63e-05 -1.73e-04 -9.45e-06 -1.41e-05
var13  6.97e-08 -3.98e-07 -2.05e-06  1.70e-05  4.75e-08  2.91e-07  7.26e-07 -7.33e-06 -6.85e-06  6.61e-05 -3.30e-06 -4.33e-09 -6.33e-08  2.41e-05  3.53e-07 -6.63e-10 -4.52e-09 -2.17e-09 -1.46e-08  2.52e-06 -1.27e-05  1.01e-07  4.79e-05 -5.01e-07  1.28e-05  3.51e-06  1.73e-05  1.33e-06 -7.95e-06
var14 -2.40e-06  1.14e-05  9.44e-05  2.11e-05  2.38e-06 -1.47e-05 -1.70e-04  3.30e-04  5.55e-04  3.00e-03  1.99e-04 -9.23e-07  1.96e-06  3.53e-07  7.78e-03 -6.87e-09 -7.02e-08 -3.94e-08 -4.52e-08  5.64e-05 -3.72e-04  2.54e-06 -2.68e-03  4.12e-05 -7.38e-04 -1.28e-04 -8.89e-04 -6.16e-07  5.52e-05
var15 -9.79e-10  5.94e-09 -5.84e-08 -1.77e-07  1.34e-10 -2.04e-09  3.58e-09  1.85e-08 -4.28e-07 -2.06e-08 -1.18e-07  1.16e-09  2.94e-09 -6.63e-10 -6.87e-09  1.44e-06  2.14e-10 -3.75e-13 -6.93e-11 -5.08e-08  4.84e-07 -3.02e-10  5.27e-06 -1.03e-08  1.02e-07 -1.36e-08 -6.44e-09 -5.91e-10 -5.52e-08
var16  5.73e-09 -3.98e-08  3.66e-07  1.19e-06  1.86e-09  1.02e-08 -4.45e-08  4.78e-07  6.02e-06 -1.51e-06  1.09e-06 -4.73e-09  4.60e-08 -4.52e-09 -7.02e-08  2.14e-10  1.44e-04 -3.88e-11  1.26e-09  3.82e-07 -3.53e-06  9.63e-09 -4.70e-05  7.21e-09 -9.16e-07  1.97e-07  1.57e-06 -1.28e-07  2.80e-07
var17  6.71e-10  5.27e-09 -4.64e-08 -3.32e-07  9.48e-10  4.06e-10  6.03e-08 -1.02e-07 -2.36e-07 -1.03e-06 -1.29e-07  4.18e-10 -3.63e-09 -2.17e-09 -3.94e-08 -3.75e-13 -3.88e-11  1.96e-06  1.91e-09 -1.83e-08  7.75e-08  2.90e-09  3.59e-06 -5.89e-09  2.99e-08  3.47e-08  2.92e-07  1.21e-08 -1.23e-08
var18 -2.82e-08 -9.15e-08  3.93e-07  6.49e-06 -2.44e-08 -6.90e-08 -1.63e-06  5.95e-06  1.95e-05  2.63e-05  5.45e-06 -2.12e-08 -2.14e-08 -1.46e-08 -4.52e-08 -6.93e-11  1.26e-09  1.91e-09  4.84e-04 -2.47e-07  8.23e-06 -1.06e-08 -8.70e-05  3.89e-09  2.66e-07 -7.86e-07 -3.06e-06 -5.42e-07 -2.19e-06
var19  1.13e-05 -1.29e-05  3.80e-04  2.22e-04  4.69e-06  1.10e-06 -1.96e-05 -6.20e-04 -6.12e-04  6.83e-05 -2.03e-04 -1.80e-06 -2.37e-06  2.52e-06  5.64e-05 -5.08e-08  3.82e-07 -1.83e-08 -2.47e-07  1.49e-03 -7.98e-03  2.12e-06 -4.52e-03  9.07e-06 -7.35e-05 -2.80e-05 -3.73e-04  2.96e-05  2.15e-04
var20 -5.37e-05 -3.30e-06 -2.80e-03 -2.50e-03 -5.03e-05 -3.95e-05  1.81e-04  5.00e-03  5.03e-03  1.16e-03  2.55e-03  2.78e-05  4.87e-05 -1.27e-05 -3.72e-04  4.84e-07 -3.53e-06  7.75e-08  8.23e-06 -7.98e-03  1.24e-01 -9.66e-06  3.24e-02 -6.79e-05  8.88e-04  2.62e-04  2.88e-03 -1.94e-04 -1.74e-03
var21  5.36e-07 -3.65e-07  5.83e-06 -7.27e-06 -7.45e-09 -7.97e-07 -4.23e-07 -7.74e-06  3.52e-05  1.79e-05  1.48e-05  1.17e-07 -3.92e-07  1.01e-07  2.54e-06 -3.02e-10  9.63e-09  2.90e-09 -1.06e-08  2.12e-06 -9.66e-06  1.79e-05 -6.25e-04  5.55e-07 -7.75e-06 -4.31e-07 -9.67e-06  5.25e-07 -4.17e-07
var22 -7.21e-05  1.43e-03 -1.56e-02 -4.10e-02  1.86e-04 -2.17e-04  3.17e-03 -1.49e-02 -9.73e-02 -2.49e-02 -2.55e-02  3.69e-04  6.13e-04  4.79e-05 -2.68e-03  5.27e-06 -4.70e-05  3.59e-06 -8.70e-05 -4.52e-03  3.24e-02 -6.25e-04  2.54e+00 -1.14e-03  2.50e-02  2.46e-03  2.42e-02 -4.29e-04 -2.95e-03
var23  3.54e-06 -6.47e-06  2.97e-05  9.76e-05  9.88e-07 -2.37e-06 -1.66e-06  2.41e-05  5.92e-04 -2.46e-05  7.69e-05 -8.07e-08  2.10e-07 -5.01e-07  4.12e-05 -1.03e-08  7.21e-09 -5.89e-09  3.89e-09  9.07e-06 -6.79e-05  5.55e-07 -1.14e-03  1.41e-04 -1.45e-03 -8.58e-06 -9.65e-05  1.34e-06 -1.90e-05
var24 -3.12e-05  4.19e-05 -4.88e-04 -2.25e-03 -2.79e-05  5.57e-06  7.03e-05 -2.30e-03 -1.55e-02  2.43e-03 -1.49e-03 -9.23e-06  7.88e-05  1.28e-05 -7.38e-04  1.02e-07 -9.16e-07  2.99e-08  2.66e-07 -7.35e-05  8.88e-04 -7.75e-06  2.50e-02 -1.45e-03  8.63e-02  2.91e-04  2.39e-03  4.35e-05  5.76e-04
var25  1.86e-05 -7.14e-05 -1.39e-04  2.05e-05 -9.06e-06  2.06e-05  4.94e-05 -4.78e-04 -7.28e-04  3.53e-04  6.84e-05  3.05e-06 -1.63e-05  3.51e-06 -1.28e-04 -1.36e-08  1.97e-07  3.47e-08 -7.86e-07 -2.80e-05  2.62e-04 -4.31e-07  2.46e-03 -8.58e-06  2.91e-04  1.23e-03  5.25e-03  1.59e-05 -2.76e-05
var26  7.15e-05 -1.87e-04 -1.36e-03 -2.40e-04  4.28e-06  1.18e-04  2.18e-04 -1.89e-03 -6.13e-03  1.56e-03  8.70e-05  2.32e-05 -1.73e-04  1.73e-05 -8.89e-04 -6.44e-09  1.57e-06  2.92e-07 -3.06e-06 -3.73e-04  2.88e-03 -9.67e-06  2.42e-02 -9.65e-05  2.39e-03  5.25e-03  7.31e-02  3.74e-05 -1.89e-04
var27  1.41e-05 -3.28e-05  4.98e-05  7.94e-05 -2.64e-07  5.65e-06  1.69e-05 -2.62e-04 -3.19e-04  1.17e-04 -2.89e-05  1.44e-06 -9.45e-06  1.33e-06 -6.16e-07 -5.91e-10 -1.28e-07  1.21e-08 -5.42e-07  2.96e-05 -1.94e-04  5.25e-07 -4.29e-04  1.34e-06  4.35e-05  1.59e-05  3.74e-05  3.18e-03  1.78e-03
var28 -2.80e-06  1.14e-04  5.14e-04  4.49e-04  3.43e-05  8.02e-06 -1.05e-04 -1.57e-03 -3.70e-03  2.45e-04 -7.42e-04  2.72e-06 -1.41e-05 -7.95e-06  5.52e-05 -5.52e-08  2.80e-07 -1.23e-08 -2.19e-06  2.15e-04 -1.74e-03 -4.17e-07 -2.95e-03 -1.90e-05  5.76e-04 -2.76e-05 -1.89e-04  1.78e-03  3.89e-02


npv4
----------------------------------------------------------------------------
var0 var1 var2 var3 var4 var5 var6 var7 var8 var9 var10 var11 var12 var13 var14 var15 var16 var17 var18 var19 var20 var21 var22 var23 var24 var25 var26 var27 var28 
var0  7.93e-05 -1.34e-04  9.96e-06  6.50e-05 -3.21e-05  5.04e-05  2.51e-06  2.09e-05 -1.45e-04 -6.34e-05 -2.33e-05 -4.66e-08  2.11e-07  6.49e-08  1.45e-06  4.97e-11 -2.80e-09 -5.70e-10  1.23e-08  7.86e-06 -2.14e-05  3.17e-06 -1.71e-05  9.17e-06  1.21e-05 -2.50e-07  2.13e-04  3.10e-05 -1.02e-04
var1 -1.34e-04  9.05e-04 -6.20e-05 -1.31e-04  2.13e-04 -3.26e-04 -1.68e-05 -1.14e-04  1.04e-03  3.61e-04  2.13e-04  3.85e-07 -1.10e-06 -1.97e-07 -1.52e-05 -4.94e-09  5.17e-08 -5.59e-10 -1.30e-07 -3.95e-05  1.36e-04 -1.59e-05  2.60e-05 -4.47e-05 -6.23e-05  9.48e-07 -1.40e-03 -1.85e-04  5.87e-04
var2  9.96e-06 -6.20e-05  3.77e-03  2.80e-04  7.59e-06  2.01e-05  4.77e-05  8.10e-04  3.14e-04 -8.82e-03  9.87e-04 -1.59e-05 -7.33e-06  5.90e-06  4.48e-05  3.91e-08 -7.73e-07  1.68e-08 -5.22e-07  1.04e-04  3.42e-03 -2.97e-05  5.17e-04  7.44e-04  6.79e-04  2.86e-06  1.68e-03  4.65e-04 -1.08e-02
var3  6.50e-05 -1.31e-04  2.80e-04  4.98e-02 -9.08e-05  6.87e-05 -2.35e-05 -6.55e-04  6.35e-03 -3.34e-03  8.46e-03  1.33e-05  3.22e-05  2.97e-05 -3.58e-04 -3.94e-07  3.39e-06 -2.70e-07 -1.38e-05 -3.58e-05 -3.47e-03 -3.88e-05 -5.02e-04  2.95e-04  1.69e-03  4.37e-05  9.15e-03  2.15e-04  1.74e-04
var4 -3.21e-05  2.13e-04  7.59e-06 -9.08e-05  1.21e-04 -1.12e-04 -5.20e-06 -9.99e-06  2.62e-04  9.65e-05  5.13e-05 -2.03e-09 -1.68e-07  3.25e-08 -4.91e-06 -1.19e-09  1.51e-08 -1.30e-10 -2.09e-08 -1.56e-05  5.87e-05 -2.89e-07 -4.27e-05  5.79e-06  1.75e-05 -1.26e-06 -1.75e-04 -2.78e-05  3.73e-05
var5  5.04e-05 -3.26e-04  2.01e-05  6.87e-05 -1.12e-04  2.52e-04  6.86e-06  2.90e-04 -1.94e-04 -4.52e-04 -6.87e-05 -9.04e-08  1.79e-07  2.69e-08  6.78e-07  3.38e-10  6.56e-09  3.48e-09 -6.59e-09 -3.50e-05 -1.29e-04 -3.63e-06 -1.61e-04  6.84e-06  3.34e-05 -1.02e-06  7.62e-04 4.13e-05 -7.40e-04
var6  2.51e-06 -1.68e-05  4.77e-05 -2.35e-05 -5.20e-06  6.86e-06  2.09e-04 -7.58e-06 -1.11e-04 -5.30e-03 -1.13e-05 -3.95e-07 -1.12e-06  2.84e-07  5.74e-06  1.61e-09 -1.92e-08  3.00e-10  5.37e-08  4.61e-06  1.28e-04 -1.11e-06  6.26e-05  9.85e-06  1.53e-05  2.93e-07  5.24e-05  5.35e-06 -5.78e-05
var7  2.09e-05 -1.14e-04  8.10e-04 -6.55e-04 -9.99e-06  2.90e-04 -7.58e-06  3.86e-02  1.74e-02 -6.02e-03  1.05e-04  3.99e-06  3.24e-05 -2.29e-06  1.62e-04 -5.94e-08  1.13e-06  1.28e-07 -4.17e-06 -6.46e-04 -1.47e-02  1.36e-04 -1.19e-02  1.67e-04 -1.06e-03 -1.00e-04  2.24e-02  7.07e-04 -2.10e-02
var8 -1.45e-04  1.04e-03  3.14e-04  6.35e-03  2.62e-04 -1.94e-04 -1.11e-04  1.74e-02  3.84e-02 -8.70e-03  7.17e-03  3.24e-06 -2.22e-05 -7.39e-07 -5.07e-04 -1.50e-07  1.91e-06  8.29e-08 -8.18e-06 -1.13e-03 -3.35e-02  3.21e-04 -2.23e-02 -3.16e-05 -2.64e-03 -1.06e-04  1.43e-03  1.14e-03 -3.54e-02
var9 -6.34e-05  3.61e-04 -8.82e-03 -3.34e-03  9.65e-05 -4.52e-04 -5.30e-03 -6.02e-03 -8.70e-03  2.74e+00 -7.72e-03  5.01e-05  2.12e-04 -4.45e-05  1.17e-04 -3.28e-07  3.40e-06  1.64e-07 -3.53e-06  4.46e-05 -1.67e-03  6.12e-05  3.77e-03 -1.72e-03 -1.40e-03  4.56e-06 -6.54e-03 -1.43e-03  3.31e-02
var10 -2.33e-05  2.13e-04  9.87e-04  8.46e-03  5.13e-05 -6.87e-05 -1.13e-05  1.05e-04  7.17e-03 -7.72e-03  1.38e-02 -7.75e-06 -5.75e-05 -1.09e-05 -4.03e-04 -1.32e-07  8.87e-07 -3.34e-08  1.98e-06 -2.77e-05 -2.35e-03 -8.94e-05 -3.30e-03  1.85e-04  7.84e-04  2.49e-05  2.09e-03  5.38e-04 -6.17e-03
var11 -4.66e-08  3.85e-07 -1.59e-05  1.33e-05 -2.03e-09 -9.04e-08 -3.95e-07  3.99e-06  3.24e-06  5.01e-05 -7.75e-06  1.93e-05 -1.14e-07  8.03e-09 -1.13e-07 -3.32e-10  6.31e-09 -1.61e-10  4.21e-09  1.59e-06  6.52e-06  1.65e-07 -7.32e-06 -4.01e-06 -4.85e-06 -4.04e-07 -2.46e-05 -1.49e-06  5.73e-05
var12  2.11e-07 -1.10e-06 -7.33e-06  3.22e-05 -1.68e-07  1.79e-07 -1.12e-06  3.24e-05 -2.22e-05  2.12e-04 -5.75e-05 -1.14e-07  1.22e-03  2.88e-08  1.39e-06  1.06e-09  3.12e-08 -1.96e-09 -5.81e-08  8.84e-06 -4.10e-05 -3.37e-07  6.58e-05  2.96e-06 -1.94e-06 -1.98e-06  1.17e-04  3.40e-06 -8.67e-05
var13  6.49e-08 -1.97e-07  5.90e-06  2.97e-05  3.25e-08  2.69e-08  2.84e-07 -2.29e-06 -7.39e-07 -4.45e-05 -1.09e-05  8.03e-09  2.88e-08  2.46e-05 -1.36e-09 -8.52e-11 -2.00e-09  1.26e-09 -4.30e-08 -1.08e-06  1.57e-05  8.55e-08 -1.51e-05  4.14e-06 -1.07e-05  4.00e-07  8.81e-05  2.59e-06 -3.36e-05
var14  1.45e-06 -1.52e-05  4.48e-05 -3.58e-04 -4.91e-06  6.78e-07  5.74e-06  1.62e-04 -5.07e-04  1.17e-04 -4.03e-04 -1.13e-07  1.39e-06 -1.36e-09  7.96e-03  1.49e-08 -8.97e-08 -3.41e-08  1.97e-06  7.22e-06  8.34e-04 -3.07e-05  9.40e-04 -4.28e-05 -2.70e-04  1.87e-05  6.10e-04 -1.20e-06  3.60e-05
var15  4.97e-11 -4.94e-09  3.91e-08 -3.94e-07 -1.19e-09  3.38e-10  1.61e-09 -5.94e-08 -1.50e-07 -3.28e-07 -1.32e-07 -3.32e-10  1.06e-09 -8.52e-11  1.49e-08  1.44e-06 -1.05e-10  9.06e-13  1.55e-10 -6.54e-09 -2.97e-07 -2.46e-09  1.11e-07  1.17e-08 -2.02e-08  1.23e-09 -6.23e-07  4.22e-09  9.32e-08
var16 -2.80e-09  5.17e-08 -7.73e-07  3.39e-06  1.51e-08  6.56e-09 -1.92e-08  1.13e-06  1.91e-06  3.40e-06  8.87e-07  6.31e-09  3.12e-08 -2.00e-09 -8.97e-08 -1.05e-10  1.44e-04 -7.31e-11 -7.77e-10  1.49e-07  2.43e-06 -1.75e-09 -1.41e-06 -1.27e-07  1.23e-06  4.01e-08  9.49e-06 -2.03e-08 -2.58e-06
var17 -5.70e-10 -5.59e-10  1.68e-08 -2.70e-07 -1.30e-10  3.48e-09  3.00e-10  1.28e-07  8.29e-08  1.64e-07 -3.34e-08 -1.61e-10 -1.96e-09  1.26e-09 -3.41e-08  9.06e-13 -7.31e-11  1.96e-06  6.46e-10 -3.17e-08 -3.00e-07 -8.23e-09  2.39e-07 -9.44e-09  8.47e-08  8.76e-11  3.59e-07  8.19e-09 -1.52e-07
var18  1.23e-08 -1.30e-07 -5.22e-07 -1.38e-05 -2.09e-08 -6.59e-09  5.37e-08 -4.17e-06 -8.18e-06 -3.53e-06  1.98e-06  4.21e-09 -5.81e-08 -4.30e-08  1.97e-06  1.55e-10 -7.77e-10  6.46e-10  4.84e-04  1.01e-06  2.25e-05  1.60e-07 -4.58e-06 -1.98e-07 -2.93e-06  1.59e-08 -1.00e-05 -5.82e-07  3.55e-06
var19  7.86e-06 -3.95e-05  1.04e-04 -3.58e-05 -1.56e-05 -3.50e-05  4.61e-06 -6.46e-04 -1.13e-03  4.46e-05 -2.77e-05  1.59e-06  8.84e-06 -1.08e-06  7.22e-06 -6.54e-09  1.49e-07 -3.17e-08  1.01e-06  2.59e-03  4.65e-03 -8.34e-06  7.15e-04  2.38e-05  9.48e-05  4.20e-06 -1.39e-04 -6.91e-06  9.09e-04
var20 -2.14e-05  1.36e-04  3.42e-03 -3.47e-03  5.87e-05 -1.29e-04  1.28e-04 -1.47e-02 -3.35e-02 -1.67e-03 -2.35e-03  6.52e-06 -4.10e-05  1.57e-05  8.34e-04 -2.97e-07  2.43e-06 -3.00e-07  2.25e-05  4.65e-03  2.64e-01 -3.89e-04  2.11e-02  7.26e-04  3.34e-03  1.10e-04  3.48e-04 -7.78e-04  2.27e-02
var21  3.17e-06 -1.59e-05 -2.97e-05 -3.88e-05 -2.89e-07 -3.63e-06 -1.11e-06  1.36e-04  3.21e-04  6.12e-05 -8.94e-05  1.65e-07 -3.37e-07  8.55e-08 -3.07e-05 -2.46e-09 -1.75e-09 -8.23e-09  1.60e-07 -8.34e-06 -3.89e-04  2.01e-04 -2.11e-03 -5.02e-06 -4.33e-05 -1.57e-06 -3.56e-05  1.18e-05 -2.49e-04
var22 -1.71e-05  2.60e-05  5.17e-04 -5.02e-04 -4.27e-05 -1.61e-04  6.26e-05 -1.19e-02 -2.23e-02  3.77e-03 -3.30e-03 -7.32e-06  6.58e-05 -1.51e-05  9.40e-04  1.11e-07 -1.41e-06  2.39e-07 -4.58e-06  7.15e-04  2.11e-02 -2.11e-03  1.50e-01  1.37e-04  1.77e-03  7.39e-05 -2.01e-03 -7.33e-04  2.03e-02
var23  9.17e-06 -4.47e-05  7.44e-04  2.95e-04  5.79e-06  6.84e-06  9.85e-06  1.67e-04 -3.16e-05 -1.72e-03  1.85e-04 -4.01e-06  2.96e-06  4.14e-06 -4.28e-05  1.17e-08 -1.27e-07 -9.44e-09 -1.98e-07  2.38e-05  7.26e-04 -5.02e-06  1.37e-04  7.54e-04  4.77e-04  5.69e-07  4.78e-04  9.84e-05 -2.06e-03
var24  1.21e-05 -6.23e-05  6.79e-04  1.69e-03  1.75e-05  3.34e-05  1.53e-05 -1.06e-03 -2.64e-03 -1.40e-03  7.84e-04 -4.85e-06 -1.94e-06 -1.07e-05 -2.70e-04 -2.02e-08  1.23e-06  8.47e-08 -2.93e-06  9.48e-05  3.34e-03 -4.33e-05  1.77e-03  4.77e-04  4.95e-02  1.11e-05  9.22e-04  9.89e-06  8.22e-04
var25 -2.50e-07  9.48e-07  2.86e-06  4.37e-05 -1.26e-06 -1.02e-06  2.93e-07 -1.00e-04 -1.06e-04  4.56e-06  2.49e-05 -4.04e-07 -1.98e-06  4.00e-07  1.87e-05  1.23e-09  4.01e-08  8.76e-11  1.59e-08  4.20e-06  1.10e-04 -1.57e-06  7.39e-05  5.69e-07  1.11e-05  9.34e-05  4.95e-03 -3.13e-06  1.11e-04
var26  2.13e-04 -1.40e-03  1.68e-03  9.15e-03 -1.75e-04  7.62e-04  5.24e-05  2.24e-02  1.43e-03 -6.54e-03  2.09e-03 -2.46e-05  1.17e-04  8.81e-05  6.10e-04 -6.23e-07  9.49e-06  3.59e-07 -1.00e-05 -1.39e-04  3.48e-04 -3.56e-05 -2.01e-03  4.78e-04  9.22e-04  4.95e-03  2.48e+00  5.77e-04 -8.50e-03
var27  3.10e-05 -1.85e-04  4.65e-04  2.15e-04 -2.78e-05  4.13e-05  5.35e-06  7.07e-04  1.14e-03 -1.43e-03  5.38e-04 -1.49e-06  3.40e-06  2.59e-06 -1.20e-06  4.22e-09 -2.03e-08  8.19e-09 -5.82e-07 -6.91e-06 -7.78e-04  1.18e-05 -7.33e-04  9.84e-05  9.89e-06 -3.13e-06  5.77e-04  6.28e-03 -9.84e-03
var28 -1.02e-04  5.87e-04 -1.08e-02  1.74e-04  3.73e-05 -7.40e-04 -5.78e-05 -2.10e-02 -3.54e-02  3.31e-02 -6.17e-03  5.73e-05 -8.67e-05 -3.36e-05  3.60e-05  9.32e-08 -2.58e-06 -1.52e-07  3.55e-06  9.09e-04  2.27e-02 -2.49e-04  2.03e-02 -2.06e-03  8.22e-04  1.11e-04 -8.50e-03 -9.84e-03  3.32e-01
